0,716,739,775,788,797,814,832,866,902,941,959,970,1042,1051,1097,1120],[17,34,68,136,145,161,163,199,263,271,272,290,322,326,398,415,449,517,526,542,544,580,644,652,653,671,703,707,779,796,830,898,907,923,925,961,1025,1033,1034,1052,1084,1088],[19,25,38,50,73,76,100,146,152,200,203,227,292,304,400,406,419,431,454,457,481,527,533,581,584,608,673,685,781,787,800,812,835,838,862,908,914,962,965,989,1054,1066],[23,46,92,101,173,184,202,241,277,311,329,346,355,368,404,427,473,482,554,565,583,622,658,692,710,727,736,749,785,808,854,863,935,946,964,1003,1039,1073,1091,1108,1117,1130],[29,58,83,116,166,185,205,232,283,293,332,337,359,370,410,439,464,497,547,566,586,613,664,674,713,718,740,751,791,820,845,878,928,947,967,994,1045,1055,1094,1099,1121,1132],[37,41,74,82,148,164,169,209,211,275,295,296,328,338,418,422,455,463,529,545,550,590,592,656,676,677,709,719,799,803,836,844,910,926,931,971,973,1037,1057,1058,1090,1100],[43,53,85,86,106,170,172,212,217,233,299,307,340,344,424,434,466,467,487,551,553,593,598,614,680,688,721,725,805,815,847,848,868,932,934,974,979,995,1061,1069,1102,1106],[47,61,94,107,122,188,214,221,244,301,341,361,371,376,428,442,475,488,503,569,595,602,625,682,722,742,752,757,809,823,856,869,884,950,976,983,1006,1063,1103,1123,1133,1138],[71,113,142,157,187,226,247,269,284,314,325,353,367,374,452,494,523,538,568,607,628,650,665,695,706,734,748,755,833,875,904,919,949,988,1009,1031,1046,1076,1087,1115,1129,1136]]
得られたC : [0,3,10,1,7,11,2,6,8,4,9,5]
一度も現れなかったCi : []

[31,62,79,103,115,121,124]
B : [[1,2,4,8,16,32,64,128,131,143,191,256,262,286],[5,10,20,40,80,137,160,167,193,259,274,287,320,334],[7,14,28,56,67,97,112,134,155,194,224,239,268,310],[11,22,44,49,88,98,149,176,196,215,265,298,323,352],[13,26,35,52,70,104,140,179,197,208,280,289,335,358],[17,34,68,136,145,161,163,199,263,271,272,290,322,326],[19,25,38,50,73,76,100,146,152,200,203,227,292,304],[23,46,92,101,173,184,202,241,277,311,329,346,355,368],[29,58,83,116,166,185,205,232,283,293,332,337,359,370],[37,41,74,82,148,164,169,209,211,275,295,296,328,338],[43,53,85,86,106,170,172,212,217,233,299,307,340,344],[47,61,94,107,122,188,214,221,244,301,341,361,371,376],[55,59,91,109,110,118,182,218,220,236,245,313,347,364],[65,130,133,139,151,175,223,257,260,266,278,302,319,350],[71,113,142,157,187,226,247,269,284,314,325,353,367,374],[77,89,154,178,181,229,235,281,305,308,331,343,356,362],[95,119,125,190,238,250,253,317,349,365,373,377,379,380],[31,62,79,103,115,121,124,158,206,230,242,248,251,316]]
得られたB : [11,14,16,2,7,12]
一度も現れなかったBi : [0,1,3,4,5,6,8,9,10,13,15,17]

C : [[1,2,4,8,16,32,64,128,131,143,191,256,262,286,382,383,385,389,397,413,445,509,512,524,572,637,643,667,763,764,766,770,778,794,826,890,893,905,953,1018,1024,1048],[5,10,20,40,80,137,160,167,193,259,274,287,320,334,386,391,401,421,461,518,541,548,574,640,655,668,701,715,767,772,782,802,842,899,922,929,955,1021,1036,1049,1082,1096],[11,22,44,49,88,98,149,176,196,215,265,298,323,352,392,403,425,430,469,479,530,557,577,596,646,679,704,733,773,784,806,811,850,860,911,938,958,977,1027,1060,1085,1114],[13,26,35,52,70,104,140,179,197,208,280,289,335,358,394,407,416,433,451,485,521,560,578,589,661,670,716,739,775,788,797,814,832,866,902,941,959,970,1042,1051,1097,1120],[17,34,68,136,145,161,163,199,263,271,272,290,322,326,398,415,449,517,526,542,544,580,644,652,653,671,703,707,779,796,830,898,907,923,925,961,1025,1033,1034,1052,1084,1088],[19,25,38,50,73,76,100,146,152,200,203,227,292,304,400,406,419,431,454,457,481,527,533,581,584,608,673,685,781,787,800,812,835,838,862,908,914,962,965,989,1054,1066],[29,58,83,116,166,185,205,232,283,293,332,337,359,370,410,439,464,497,547,566,586,613,664,674,713,718,740,751,791,820,845,878,928,947,967,994,1045,1055,1094,1099,1121,1132],[31,62,79,103,115,121,124,158,206,230,242,248,251,316,412,443,460,484,496,502,505,539,587,611,623,629,632,697,793,824,841,865,877,883,886,920,968,992,1004,1010,1013,1078],[37,41,74,82,148,164,169,209,211,275,295,296,328,338,418,422,455,463,529,545,550,590,592,656,676,677,709,719,799,803,836,844,910,926,931,971,973,1037,1057,1058,1090,1100],[43,53,85,86,106,170,172,212,217,233,299,307,340,344,424,434,466,467,487,551,553,593,598,614,680,688,721,725,805,815,847,848,868,932,934,974,979,995,1061,1069,1102,1106],[65,130,133,139,151,175,223,257,260,266,278,302,319,350,446,511,514,520,532,556,604,638,641,647,659,683,700,731,827,892,895,901,913,937,985,1019,1022,1028,1040,1064,1081,1112],[77,89,154,178,181,229,235,281,305,308,331,343,356,362,458,470,535,559,562,610,616,662,686,689,712,724,737,743,839,851,916,940,943,991,997,1043,1067,1070,1093,1105,1118,1124]]
得られたC : [0,3,1,6,11,8,10,5,9,2,4]
一度も現れなかったCi : [7]

C' : [[31,62,79,103,115,121,124,158,206,230,242,248,251,316,412,443,460,484,496,502,505,539,587,611,623,629,632,697,793,824,841,865,877,883,886,920,968,992,1004,1010,1013,1078,1174,1205,1222,1246,1258,1264,1267,1301,1349,1373,1385,1391,1394,1459,1555,1586,1603,1627,1639,1645,1648,1682,1730,1754,1766,1772,1775,1840,1936,1967,1984,2008,2020,2026,2029,2063,2111,2135,2147,2153,2156,2221,2317,2348,2365,2389,2401,2407,2410,2444,2492,2516,2528,2534,2537,2602,2698,2729,2746,2770,2782,2788,2791,2825,2873,2897,2909,2915,2918,2983,3079,3110,3127,3151,3163,3169,3172,3206,3254,3278,3290,3296,3299,3364]]
得られたC' : [0]
一度も現れなかったCi' : []

[43,45,53,85,86,90,106]
B : [[1,2,4,8,16,32,64,128,131,143,191,256,262,286],[5,10,20,40,80,137,160,167,193,259,274,287,320,334],[7,14,28,56,67,97,112,134,155,194,224,239,268,310],[11,22,44,49,88,98,149,176,196,215,265,298,323,352],[13,26,35,52,70,104,140,179,197,208,280,289,335,358],[17,34,68,136,145,161,163,199,263,271,272,290,322,326],[19,25,38,50,73,76,100,146,152,200,203,227,292,304],[23,46,92,101,173,184,202,241,277,311,329,346,355,368],[29,58,83,116,166,185,205,232,283,293,332,337,359,370],[31,62,79,103,115,121,124,158,206,230,242,248,251,316],[37,41,74,82,148,164,169,209,211,275,295,296,328,338],[47,61,94,107,122,188,214,221,244,301,341,361,371,376],[55,59,91,109,110,118,182,218,220,236,245,313,347,364],[65,130,133,139,151,175,223,257,260,266,278,302,319,350],[71,113,142,157,187,226,247,269,284,314,325,353,367,374],[77,89,154,178,181,229,235,281,305,308,331,343,356,362],[95,119,125,190,238,250,253,317,349,365,373,377,379,380],[43,53,85,86,106,170,172,212,217,233,299,307,340,344]]
得られたB : [13,5,1,0]
一度も現れなかったBi : [2,3,4,6,7,8,9,10,11,12,14,15,16,17]

C : [[7,14,28,56,67,97,112,134,155,194,224,239,268,310,388,395,409,437,448,478,493,515,536,575,605,620,649,691,769,776,790,818,829,859,874,896,917,956,986,1001,1030,1072],[11,22,44,49,88,98,149,176,196,215,265,298,323,352,392,403,425,430,469,479,530,557,577,596,646,679,704,733,773,784,806,811,850,860,911,938,958,977,1027,1060,1085,1114],[13,26,35,52,70,104,140,179,197,208,280,289,335,358,394,407,416,433,451,485,521,560,578,589,661,670,716,739,775,788,797,814,832,866,902,941,959,970,1042,1051,1097,1120],[19,25,38,50,73,76,100,146,152,200,203,227,292,304,400,406,419,431,454,457,481,527,533,581,584,608,673,685,781,787,800,812,835,838,862,908,914,962,965,989,1054,1066],[23,46,92,101,173,184,202,241,277,311,329,346,355,368,404,427,473,482,554,565,583,622,658,692,710,727,736,749,785,808,854,863,935,946,964,1003,1039,1073,1091,1108,1117,1130],[29,58,83,116,166,185,205,232,283,293,332,337,359,370,410,439,464,497,547,566,586,613,664,674,713,718,740,751,791,820,845,878,928,947,967,994,1045,1055,1094,1099,1121,1132],[31,62,79,103,115,121,124,158,206,230,242,248,251,316,412,443,460,484,496,502,505,539,587,611,623,629,632,697,793,824,841,865,877,883,886,920,968,992,1004,1010,1013,1078],[37,41,74,82,148,164,169,209,211,275,295,296,328,338,418,422,455,463,529,545,550,590,592,656,676,677,709,719,799,803,836,844,910,926,931,971,973,1037,1057,1058,1090,1100],[43,53,85,86,106,170,172,212,217,233,299,307,340,344,424,434,466,467,487,551,553,593,598,614,680,688,721,725,805,815,847,848,868,932,934,974,979,995,1061,1069,1102,1106],[47,61,94,107,122,188,214,221,244,301,341,361,371,376,428,442,475,488,503,569,595,602,625,682,722,742,752,757,809,823,856,869,884,950,976,983,1006,1063,1103,1123,1133,1138],[55,59,91,109,110,118,182,218,220,236,245,313,347,364,436,440,472,490,491,499,563,599,601,617,626,694,728,745,817,821,853,871,872,880,944,980,982,998,1007,1075,1109,1126],[71,113,142,157,187,226,247,269,284,314,325,353,367,374,452,494,523,538,568,607,628,650,665,695,706,734,748,755,833,875,904,919,949,988,1009,1031,1046,1076,1087,1115,1129,1136],[77,89,154,178,181,229,235,281,305,308,331,343,356,362,458,470,535,559,562,610,616,662,686,689,712,724,737,743,839,851,916,940,943,991,997,1043,1067,1070,1093,1105,1118,1124],[95,119,125,190,238,250,253,317,349,365,373,377,379,380,476,500,506,571,619,631,634,698,730,746,754,758,760,761,857,881,887,952,1000,1012,1015,1079,1111,1127,1135,1139,1141,1142]]
得られたC : [1,3,7,2,6,5,0,10,8,9,4]
一度も現れなかったCi : [11,12,13]

C' : [[71,113,142,157,187,226,247,269,284,314,325,353,367,374,452,494,523,538,568,607,628,650,665,695,706,734,748,755,833,875,904,919,949,988,1009,1031,1046,1076,1087,1115,1129,1136,1214,1256,1285,1300,1330,1369,1390,1412,1427,1457,1468,1496,1510,1517,1595,1637,1666,1681,1711,1750,1771,1793,1808,1838,1849,1877,1891,1898,1976,2018,2047,2062,2092,2131,2152,2174,2189,2219,2230,2258,2272,2279,2357,2399,2428,2443,2473,2512,2533,2555,2570,2600,2611,2639,2653,2660,2738,2780,2809,2824,2854,2893,2914,2936,2951,2981,2992,3020,3034,3041,3119,3161,3190,3205,3235,3274,3295,3317,3332,3362,3373,3401,3415,3422],[77,89,154,178,181,229,235,281,305,308,331,343,356,362,458,470,535,559,562,610,616,662,686,689,712,724,737,743,839,851,916,940,943,991,997,1043,1067,1070,1093,1105,1118,1124,1220,1232,1297,1321,1324,1372,1378,1424,1448,1451,1474,1486,1499,1505,1601,1613,1678,1702,1705,1753,1759,1805,1829,1832,1855,1867,1880,1886,1982,1994,2059,2083,2086,2134,2140,2186,2210,2213,2236,2248,2261,2267,2363,2375,2440,2464,2467,2515,2521,2567,2591,2594,2617,2629,2642,2648,2744,2756,2821,2845,2848,2896,2902,2948,2972,2975,2998,3010,3023,3029,3125,3137,3202,3226,3229,3277,3283,3329,3353,3356,3379,3391,3404,3410],[95,119,125,190,238,250,253,317,349,365,373,377,379,380,476,500,506,571,619,631,634,698,730,746,754,758,760,761,857,881,887,952,1000,1012,1015,1079,1111,1127,1135,1139,1141,1142,1238,1262,1268,1333,1381,1393,1396,1460,1492,1508,1516,1520,1522,1523,1619,1643,1649,1714,1762,1774,1777,1841,1873,1889,1897,1901,1903,1904,2000,2024,2030,2095,2143,2155,2158,2222,2254,2270,2278,2282,2284,2285,2381,2405,2411,2476,2524,2536,2539,2603,2635,2651,2659,2663,2665,2666,2762,2786,2792,2857,2905,2917,2920,2984,3016,3032,3040,3044,3046,3047,3143,3167,3173,3238,3286,3298,3301,3365,3397,3413,3421,3425,3427,3428]]
得られたC' : [1,0,2]
一度も現れなかったCi' : []

[47,61,87,94,107,117,122]
B : [[1,2,4,8,16,32,64,128,131,143,191,256,262,286],[5,10,20,40,80,137,160,167,193,259,274,287,320,334],[7,14,28,56,67,97,112,134,155,194,224,239,268,310],[11,22,44,49,88,98,149,176,196,215,265,298,323,352],[13,26,35,52,70,104,140,179,197,208,280,289,335,358],[17,34,68,136,145,161,163,199,263,271,272,290,322,326],[19,25,38,50,73,76,100,146,152,200,203,227,292,304],[23,46,92,101,173,184,202,241,277,311,329,346,355,368],[29,58,83,116,166,185,205,232,283,293,332,337,359,370],[31,62,79,103,115,121,124,158,206,230,242,248,251,316],[37,41,74,82,148,164,169,209,211,275,295,296,328,338],[43,53,85,86,106,170,172,212,217,233,299,307,340,344],[55,59,91,109,110,118,182,218,220,236,245,313,347,364],[65,130,133,139,151,175,223,257,260,266,278,302,319,350],[71,113,142,157,187,226,247,269,284,314,325,353,367,374],[77,89,154,178,181,229,235,281,305,308,331,343,356,362],[95,119,125,190,238,250,253,317,349,365,373,377,379,380],[47,61,94,107,122,188,214,221,244,301,341,361,371,376]]
得られたB : [14,7,0,8,5,3]
一度も現れなかったBi : [1,2,4,6,9,10,11,12,13,15,16,17]

C : [[5,10,20,40,80,137,160,167,193,259,274,287,320,334,386,391,401,421,461,518,541,548,574,640,655,668,701,715,767,772,782,802,842,899,922,929,955,1021,1036,1049,1082,1096],[7,14,28,56,67,97,112,134,155,194,224,239,268,310,388,395,409,437,448,478,493,515,536,575,605,620,649,691,769,776,790,818,829,859,874,896,917,956,986,1001,1030,1072],[13,26,35,52,70,104,140,179,197,208,280,289,335,358,394,407,416,433,451,485,521,560,578,589,661,670,716,739,775,788,797,814,832,866,902,941,959,970,1042,1051,1097,1120],[19,25,38,50,73,76,100,146,152,200,203,227,292,304,400,406,419,431,454,457,481,527,533,581,584,608,673,685,781,787,800,812,835,838,862,908,914,962,965,989,1054,1066],[31,62,79,103,115,121,124,158,206,230,242,248,251,316,412,443,460,484,496,502,505,539,587,611,623,629,632,697,793,824,841,865,877,883,886,920,968,992,1004,1010,1013,1078],[37,41,74,82,148,164,169,209,211,275,295,296,328,338,418,422,455,463,529,545,550,590,592,656,676,677,709,719,799,803,836,844,910,926,931,971,973,1037,1057,1058,1090,1100],[43,53,85,86,106,170,172,212,217,233,299,307,340,344,424,434,466,467,487,551,553,593,598,614,680,688,721,725,805,815,847,848,868,932,934,974,979,995,1061,1069,1102,1106],[47,61,94,107,122,188,214,221,244,301,341,361,371,376,428,442,475,488,503,569,595,602,625,682,722,742,752,757,809,823,856,869,884,950,976,983,1006,1063,1103,1123,1133,1138],[55,59,91,109,110,118,182,218,220,236,245,313,347,364,436,440,472,490,491,499,563,599,601,617,626,694,728,745,817,821,853,871,872,880,944,980,982,998,1007,1075,1109,1126],[65,130,133,139,151,175,223,257,260,266,278,302,319,350,446,511,514,520,532,556,604,638,641,647,659,683,700,731,827,892,895,901,913,937,985,1019,1022,1028,1040,1064,1081,1112],[77,89,154,178,181,229,235,281,305,308,331,343,356,362,458,470,535,559,562,610,616,662,686,689,712,724,737,743,839,851,916,940,943,991,997,1043,1067,1070,1093,1105,1118,1124],[95,119,125,190,238,250,253,317,349,365,373,377,379,380,476,500,506,571,619,631,634,698,730,746,754,758,760,761,857,881,887,952,1000,1012,1015,1079,1111,1127,1135,1139,1141,1142]]
得られたC : [7,6,8,10,1,9,5,2,4,11,3,0]
一度も現れなかったCi : []

[55,59,91,93,109,110,118]
B : [[1,2,4,8,16,32,64,128,131,143,191,256,262,286],[5,10,20,40,80,137,160,167,193,259,274,287,320,334],[7,14,28,56,67,97,112,134,155,194,224,239,268,310],[11,22,44,49,88,98,149,176,196,215,265,298,323,352],[13,26,35,52,70,104,140,179,197,208,280,289,335,358],[17,34,68,136,145,161,163,199,263,271,272,290,322,326],[19,25,38,50,73,76,100,146,152,200,203,227,292,304],[23,46,92,101,173,184,202,241,277,311,329,346,355,368],[29,58,83,116,166,185,205,232,283,293,332,337,359,370],[31,62,79,103,115,121,124,158,206,230,242,248,251,316],[37,41,74,82,148,164,169,209,211,275,295,296,328,338],[43,53,85,86,106,170,172,212,217,233,299,307,340,344],[47,61,94,107,122,188,214,221,244,301,341,361,371,376],[65,130,133,139,151,175,223,257,260,266,278,302,319,350],[71,113,142,157,187,226,247,269,284,314,325,353,367,374],[77,89,154,178,181,229,235,281,305,308,331,343,356,362],[95,119,125,190,238,250,253,317,349,365,373,377,379,380],[55,59,91,109,110,118,182,218,220,236,245,313,347,364]]
得られたB : [8,15,1,4,10,7]
一度も現れなかったBi : [0,2,3,5,6,9,11,12,13,14,16,17]

C : [[1,2,4,8,16,32,64,128,131,143,191,256,262,286,382,383,385,389,397,413,445,509,512,524,572,637,643,667,763,764,766,770,778,794,826,890,893,905,953,1018,1024,1048],[7,14,28,56,67,97,112,134,155,194,224,239,268,310,388,395,409,437,448,478,493,515,536,575,605,620,649,691,769,776,790,818,829,859,874,896,917,956,986,1001,1030,1072],[11,22,44,49,88,98,149,176,196,215,265,298,323,352,392,403,425,430,469,479,530,557,577,596,646,679,704,733,773,784,806,811,850,860,911,938,958,977,1027,1060,1085,1114],[17,34,68,136,145,161,163,199,263,271,272,290,322,326,398,415,449,517,526,542,544,580,644,652,653,671,703,707,779,796,830,898,907,923,925,961,1025,1033,1034,1052,1084,1088],[19,25,38,50,73,76,100,146,152,200,203,227,292,304,400,406,419,431,454,457,481,527,533,581,584,608,673,685,781,787,800,812,835,838,862,908,914,962,965,989,1054,1066],[31,62,79,103,115,121,124,158,206,230,242,248,251,316,412,443,460,484,496,502,505,539,587,611,623,629,632,697,793,824,841,865,877,883,886,920,968,992,1004,1010,1013,1078],[43,53,85,86,106,170,172,212,217,233,299,307,340,344,424,434,466,467,487,551,553,593,598,614,680,688,721,725,805,815,847,848,868,932,934,974,979,995,1061,1069,1102,1106],[47,61,94,107,122,188,214,221,244,301,341,361,371,376,428,442,475,488,503,569,595,602,625,682,722,742,752,757,809,823,856,869,884,950,976,983,1006,1063,1103,1123,1133,1138],[55,59,91,109,110,118,182,218,220,236,245,313,347,364,436,440,472,490,491,499,563,599,601,617,626,694,728,745,817,821,853,871,872,880,944,980,982,998,1007,1075,1109,1126],[65,130,133,139,151,175,223,257,260,266,278,302,319,350,446,511,514,520,532,556,604,638,641,647,659,683,700,731,827,892,895,901,913,937,985,1019,1022,1028,1040,1064,1081,1112],[71,113,142,157,187,226,247,269,284,314,325,353,367,374,452,494,523,538,568,607,628,650,665,695,706,734,748,755,833,875,904,919,949,988,1009,1031,1046,1076,1087,1115,1129,1136],[95,119,125,190,238,250,253,317,349,365,373,377,379,380,476,500,506,571,619,631,634,698,730,746,754,758,760,761,857,881,887,952,1000,1012,1015,1079,1111,1127,1135,1139,1141,1142]]
得られたC : [9,4,6,10,1,3,5,0,11,8,7,2]
一度も現れなかったCi : []

[63,95,111,119,123,125,126]
B : [[1,2,4,8,16,32,64,128,131,143,191,256,262,286],[5,10,20,40,80,137,160,167,193,259,274,287,320,334],[7,14,28,56,67,97,112,134,155,194,224,239,268,310],[11,22,44,49,88,98,149,176,196,215,265,298,323,352],[13,26,35,52,70,104,140,179,197,208,280,289,335,358],[17,34,68,136,145,161,163,199,263,271,272,290,322,326],[19,25,38,50,73,76,100,146,152,200,203,227,292,304],[23,46,92,101,173,184,202,241,277,311,329,346,355,368],[29,58,83,116,166,185,205,232,283,293,332,337,359,370],[31,62,79,103,115,121,124,158,206,230,242,248,251,316],[37,41,74,82,148,164,169,209,211,275,295,296,328,338],[43,53,85,86,106,170,172,212,217,233,299,307,340,344],[47,61,94,107,122,188,214,221,244,301,341,361,371,376],[55,59,91,109,110,118,182,218,220,236,245,313,347,364],[65,130,133,139,151,175,223,257,260,266,278,302,319,350],[71,113,142,157,187,226,247,269,284,314,325,353,367,374],[77,89,154,178,181,229,235,281,305,308,331,343,356,362],[95,119,125,190,238,250,253,317,349,365,373,377,379,380]]
得られたB : [17,0,1,4,8,12]
一度も現れなかったBi : [2,3,5,6,7,9,10,11,13,14,15,16]

C : [[7,14,28,56,67,97,112,134,155,194,224,239,268,310,388,395,409,437,448,478,493,515,536,575,605,620,649,691,769,776,790,818,829,859,874,896,917,956,986,1001,1030,1072],[11,22,44,49,88,98,149,176,196,215,265,298,323,352,392,403,425,430,469,479,530,557,577,596,646,679,704,733,773,784,806,811,850,860,911,938,958,977,1027,1060,1085,1114],[17,34,68,136,145,161,163,199,263,271,272,290,322,326,398,415,449,517,526,542,544,580,644,652,653,671,703,707,779,796,830,898,907,923,925,961,1025,1033,1034,1052,1084,1088],[19,25,38,50,73,76,100,146,152,200,203,227,292,304,400,406,419,431,454,457,481,527,533,581,584,608,673,685,781,787,800,812,835,838,862,908,914,962,965,989,1054,1066],[23,46,92,101,173,184,202,241,277,311,329,346,355,368,404,427,473,482,554,565,583,622,658,692,710,727,736,749,785,808,854,863,935,946,964,1003,1039,1073,1091,1108,1117,1130],[31,62,79,103,115,121,124,158,206,230,242,248,251,316,412,443,460,484,496,502,505,539,587,611,623,629,632,697,793,824,841,865,877,883,886,920,968,992,1004,1010,1013,1078],[37,41,74,82,148,164,169,209,211,275,295,296,328,338,418,422,455,463,529,545,550,590,592,656,676,677,709,719,799,803,836,844,910,926,931,971,973,1037,1057,1058,1090,1100],[43,53,85,86,106,170,172,212,217,233,299,307,340,344,424,434,466,467,487,551,553,593,598,614,680,688,721,725,805,815,847,848,868,932,934,974,979,995,1061,1069,1102,1106],[55,59,91,109,110,118,182,218,220,236,245,313,347,364,436,440,472,490,491,499,563,599,601,617,626,694,728,745,817,821,853,871,872,880,944,980,982,998,1007,1075,1109,1126],[65,130,133,139,151,175,223,257,260,266,278,302,319,350,446,511,514,520,532,556,604,638,641,647,659,683,700,731,827,892,895,901,913,937,985,1019,1022,1028,1040,1064,1081,1112],[71,113,142,157,187,226,247,269,284,314,325,353,367,374,452,494,523,538,568,607,628,650,665,695,706,734,748,755,833,875,904,919,949,988,1009,1031,1046,1076,1087,1115,1129,1136],[77,89,154,178,181,229,235,281,305,308,331,343,356,362,458,470,535,559,562,610,616,662,686,689,712,724,737,743,839,851,916,940,943,991,997,1043,1067,1070,1093,1105,1118,1124]]
得られたC : [10,4,2,1,9,8,11,5,7,6,3,0]
一度も現れなかったCi : []
プログラムは正常終了しました。

C:\me\Haskell\CollatzMod\Ver2>CollatzMod02Bigdata 129
A : [[0],[1,2,4,8,16,32,64,65,97,113,121,125,127,128],[3,6,12,24,33,48,63,66,81,96,105,117,123,126],[5,10,20,31,40,49,62,67,80,89,98,109,119,124],[7,14,17,28,34,56,61,68,73,95,101,112,115,122],[9,15,18,30,36,57,60,69,72,93,99,111,114,120],[11,22,35,41,44,47,59,70,82,85,88,94,107,118],[13,25,26,29,50,52,58,71,77,79,100,103,104,116],[19,23,37,38,46,53,55,74,76,83,91,92,106,110],[21,27,39,42,45,51,54,75,78,84,87,90,102,108],[43,86]]

[0]
B : [[1,2,4,8,16,32,64,65,97,113,121,125,127,128,130,131,133,137,145,161,193,194,226,242,250,254,256,257,259,260,262,266,274,290,322,323,355,371,379,383,385,386],[5,10,20,31,40,49,62,67,80,89,98,109,119,124,134,139,149,160,169,178,191,196,209,218,227,238,248,253,263,268,278,289,298,307,320,325,338,347,356,367,377,382],[7,14,17,28,34,56,61,68,73,95,101,112,115,122,136,143,146,157,163,185,190,197,202,224,230,241,244,251,265,272,275,286,292,314,319,326,331,353,359,370,373,380],[11,22,35,41,44,47,59,70,82,85,88,94,107,118,140,151,164,170,173,176,188,199,211,214,217,223,236,247,269,280,293,299,302,305,317,328,340,343,346,352,365,376],[13,25,26,29,50,52,58,71,77,79,100,103,104,116,142,154,155,158,179,181,187,200,206,208,229,232,233,245,271,283,284,287,308,310,316,329,335,337,358,361,362,374],[19,23,37,38,46,53,55,74,76,83,91,92,106,110,148,152,166,167,175,182,184,203,205,212,220,221,235,239,277,281,295,296,304,311,313,332,334,341,349,350,364,368],[43,86,172,215,301,344]]
得られたB : [0]
一度も現れなかったBi : [1,2,3,4,5,6]

C : [[5,10,20,31,40,49,62,67,80,89,98,109,119,124,134,139,149,160,169,178,191,196,209,218,227,238,248,253,263,268,278,289,298,307,320,325,338,347,356,367,377,382,392,397,407,418,427,436,449,454,467,476,485,496,506,511,521,526,536,547,556,565,578,583,596,605,614,625,635,640,650,655,665,676,685,694,707,712,725,734,743,754,764,769,779,784,794,805,814,823,836,841,854,863,872,883,893,898,908,913,923,934,943,952,965,970,983,992,1001,1012,1022,1027,1037,1042,1052,1063,1072,1081,1094,1099,1112,1121,1130,1141,1151,1156],[7,14,17,28,34,56,61,68,73,95,101,112,115,122,136,143,146,157,163,185,190,197,202,224,230,241,244,251,265,272,275,286,292,314,319,326,331,353,359,370,373,380,394,401,404,415,421,443,448,455,460,482,488,499,502,509,523,530,533,544,550,572,577,584,589,611,617,628,631,638,652,659,662,673,679,701,706,713,718,740,746,757,760,767,781,788,791,802,808,830,835,842,847,869,875,886,889,896,910,917,920,931,937,959,964,971,976,998,1004,1015,1018,1025,1039,1046,1049,1060,1066,1088,1093,1100,1105,1127,1133,1144,1147,1154],[11,22,35,41,44,47,59,70,82,85,88,94,107,118,140,151,164,170,173,176,188,199,211,214,217,223,236,247,269,280,293,299,302,305,317,328,340,343,346,352,365,376,398,409,422,428,431,434,446,457,469,472,475,481,494,505,527,538,551,557,560,563,575,586,598,601,604,610,623,634,656,667,680,686,689,692,704,715,727,730,733,739,752,763,785,796,809,815,818,821,833,844,856,859,862,868,881,892,914,925,938,944,947,950,962,973,985,988,991,997,1010,1021,1043,1054,1067,1073,1076,1079,1091,1102,1114,1117,1120,1126,1139,1150],[13,25,26,29,50,52,58,71,77,79,100,103,104,116,142,154,155,158,179,181,187,200,206,208,229,232,233,245,271,283,284,287,308,310,316,329,335,337,358,361,362,374,400,412,413,416,437,439,445,458,464,466,487,490,491,503,529,541,542,545,566,568,574,587,593,595,616,619,620,632,658,670,671,674,695,697,703,716,722,724,745,748,749,761,787,799,800,803,824,826,832,845,851,853,874,877,878,890,916,928,929,932,953,955,961,974,980,982,1003,1006,1007,1019,1045,1057,1058,1061,1082,1084,1090,1103,1109,1111,1132,1135,1136,1148],[19,23,37,38,46,53,55,74,76,83,91,92,106,110,148,152,166,167,175,182,184,203,205,212,220,221,235,239,277,281,295,296,304,311,313,332,334,341,349,350,364,368,406,410,424,425,433,440,442,461,463,470,478,479,493,497,535,539,553,554,562,569,571,590,592,599,607,608,622,626,664,668,682,683,691,698,700,719,721,728,736,737,751,755,793,797,811,812,820,827,829,848,850,857,865,866,880,884,922,926,940,941,949,956,958,977,979,986,994,995,1009,1013,1051,1055,1069,1070,1078,1085,1087,1106,1108,1115,1123,1124,1138,1142],[43,86,172,215,301,344,430,473,559,602,688,731,817,860,946,989,1075,1118]]
得られたC : [1,3,0,2,4]
一度も現れなかったCi : [5]

C' : [[43,86,172,215,301,344,430,473,559,602,688,731,817,860,946,989,1075,1118,1204,1247,1333,1376,1462,1505,1591,1634,1720,1763,1849,1892,1978,2021,2107,2150,2236,2279,2365,2408,2494,2537,2623,2666,2752,2795,2881,2924,3010,3053,3139,3182,3268,3311,3397,3440]]
得られたC' : [0]
一度も現れなかったCi' : []

[1,2,4,8,16,32,64,65,97,113,121,125,127,128]
B : [[5,10,20,31,40,49,62,67,80,89,98,109,119,124,134,139,149,160,169,178,191,196,209,218,227,238,248,253,263,268,278,289,298,307,320,325,338,347,356,367,377,382],[7,14,17,28,34,56,61,68,73,95,101,112,115,122,136,143,146,157,163,185,190,197,202,224,230,241,244,251,265,272,275,286,292,314,319,326,331,353,359,370,373,380],[11,22,35,41,44,47,59,70,82,85,88,94,107,118,140,151,164,170,173,176,188,199,211,214,217,223,236,247,269,280,293,299,302,305,317,328,340,343,346,352,365,376],[13,25,26,29,50,52,58,71,77,79,100,103,104,116,142,154,155,158,179,181,187,200,206,208,229,232,233,245,271,283,284,287,308,310,316,329,335,337,358,361,362,374],[19,23,37,38,46,53,55,74,76,83,91,92,106,110,148,152,166,167,175,182,184,203,205,212,220,221,235,239,277,281,295,296,304,311,313,332,334,341,349,350,364,368],[43,86,172,215,301,344],[1,2,4,8,16,32,64,65,97,113,121,125,127,128,130,131,133,137,145,161,193,194,226,242,250,254,256,257,259,260,262,266,274,290,322,323,355,371,379,383,385,386]]
得られたB : [6,1,3,0,2,4]
一度も現れなかったBi : [5]

C : [[43,86,172,215,301,344,430,473,559,602,688,731,817,860,946,989,1075,1118]]
得られたC : [0]
一度も現れなかったCi : []

[3,6,12,24,33,48,63,66,81,96,105,117,123,126]
B : [[1,2,4,8,16,32,64,65,97,113,121,125,127,128,130,131,133,137,145,161,193,194,226,242,250,254,256,257,259,260,262,266,274,290,322,323,355,371,379,383,385,386],[5,10,20,31,40,49,62,67,80,89,98,109,119,124,134,139,149,160,169,178,191,196,209,218,227,238,248,253,263,268,278,289,298,307,320,325,338,347,356,367,377,382],[7,14,17,28,34,56,61,68,73,95,101,112,115,122,136,143,146,157,163,185,190,197,202,224,230,241,244,251,265,272,275,286,292,314,319,326,331,353,359,370,373,380],[11,22,35,41,44,47,59,70,82,85,88,94,107,118,140,151,164,170,173,176,188,199,211,214,217,223,236,247,269,280,293,299,302,305,317,328,340,343,346,352,365,376],[13,25,26,29,50,52,58,71,77,79,100,103,104,116,142,154,155,158,179,181,187,200,206,208,229,232,233,245,271,283,284,287,308,310,316,329,335,337,358,361,362,374],[19,23,37,38,46,53,55,74,76,83,91,92,106,110,148,152,166,167,175,182,184,203,205,212,220,221,235,239,277,281,295,296,304,311,313,332,334,341,349,350,364,368],[43,86,172,215,301,344]]
得られたB : [1,5,2,4,0,3]
一度も現れなかったBi : [6]

C : [[43,86,172,215,301,344,430,473,559,602,688,731,817,860,946,989,1075,1118]]
得られたC : [0]
一度も現れなかったCi : []

[5,10,20,31,40,49,62,67,80,89,98,109,119,124]
B : [[1,2,4,8,16,32,64,65,97,113,121,125,127,128,130,131,133,137,145,161,193,194,226,242,250,254,256,257,259,260,262,266,274,290,322,323,355,371,379,383,385,386],[7,14,17,28,34,56,61,68,73,95,101,112,115,122,136,143,146,157,163,185,190,197,202,224,230,241,244,251,265,272,275,286,292,314,319,326,331,353,359,370,373,380],[11,22,35,41,44,47,59,70,82,85,88,94,107,118,140,151,164,170,173,176,188,199,211,214,217,223,236,247,269,280,293,299,302,305,317,328,340,343,346,352,365,376],[13,25,26,29,50,52,58,71,77,79,100,103,104,116,142,154,155,158,179,181,187,200,206,208,229,232,233,245,271,283,284,287,308,310,316,329,335,337,358,361,362,374],[19,23,37,38,46,53,55,74,76,83,91,92,106,110,148,152,166,167,175,182,184,203,205,212,220,221,235,239,277,281,295,296,304,311,313,332,334,341,349,350,364,368],[43,86,172,215,301,344],[5,10,20,31,40,49,62,67,80,89,98,109,119,124,134,139,149,160,169,178,191,196,209,218,227,238,248,253,263,268,278,289,298,307,320,325,338,347,356,367,377,382]]
得られたB : [0,6,1,2,4,3]
一度も現れなかったBi : [5]

C : [[43,86,172,215,301,344,430,473,559,602,688,731,817,860,946,989,1075,1118]]
得られたC : [0]
一度も現れなかったCi : []

[7,14,17,28,34,56,61,68,73,95,101,112,115,122]
B : [[1,2,4,8,16,32,64,65,97,113,121,125,127,128,130,131,133,137,145,161,193,194,226,242,250,254,256,257,259,260,262,266,274,290,322,323,355,371,379,383,385,386],[5,10,20,31,40,49,62,67,80,89,98,109,119,124,134,139,149,160,169,178,191,196,209,218,227,238,248,253,263,268,278,289,298,307,320,325,338,347,356,367,377,382],[11,22,35,41,44,47,59,70,82,85,88,94,107,118,140,151,164,170,173,176,188,199,211,214,217,223,236,247,269,280,293,299,302,305,317,328,340,343,346,352,365,376],[13,25,26,29,50,52,58,71,77,79,100,103,104,116,142,154,155,158,179,181,187,200,206,208,229,232,233,245,271,283,284,287,308,310,316,329,335,337,358,361,362,374],[19,23,37,38,46,53,55,74,76,83,91,92,106,110,148,152,166,167,175,182,184,203,205,212,220,221,235,239,277,281,295,296,304,311,313,332,334,341,349,350,364,368],[43,86,172,215,301,344],[7,14,17,28,34,56,61,68,73,95,101,112,115,122,136,143,146,157,163,185,190,197,202,224,230,241,244,251,265,272,275,286,292,314,319,326,331,353,359,370,373,380]]
得られたB : [2,5,3,1,4,6]
一度も現れなかったBi : [0]

C : [[1,2,4,8,16,32,64,65,97,113,121,125,127,128,130,131,133,137,145,161,193,194,226,242,250,254,256,257,259,260,262,266,274,290,322,323,355,371,379,383,385,386,388,389,391,395,403,419,451,452,484,500,508,512,514,515,517,518,520,524,532,548,580,581,613,629,637,641,643,644,646,647,649,653,661,677,709,710,742,758,766,770,772,773,775,776,778,782,790,806,838,839,871,887,895,899,901,902,904,905,907,911,919,935,967,968,1000,1016,1024,1028,1030,1031,1033,1034,1036,1040,1048,1064,1096,1097,1129,1145,1153,1157,1159,1160]]
得られたC : [0]
一度も現れなかったCi : []

[9,15,18,30,36,57,60,69,72,93,99,111,114,120]
B : [[1,2,4,8,16,32,64,65,97,113,121,125,127,128,130,131,133,137,145,161,193,194,226,242,250,254,256,257,259,260,262,266,274,290,322,323,355,371,379,383,385,386],[5,10,20,31,40,49,62,67,80,89,98,109,119,124,134,139,149,160,169,178,191,196,209,218,227,238,248,253,263,268,278,289,298,307,320,325,338,347,356,367,377,382],[7,14,17,28,34,56,61,68,73,95,101,112,115,122,136,143,146,157,163,185,190,197,202,224,230,241,244,251,265,272,275,286,292,314,319,326,331,353,359,370,373,380],[11,22,35,41,44,47,59,70,82,85,88,94,107,118,140,151,164,170,173,176,188,199,211,214,217,223,236,247,269,280,293,299,302,305,317,328,340,343,346,352,365,376],[13,25,26,29,50,52,58,71,77,79,100,103,104,116,142,154,155,158,179,181,187,200,206,208,229,232,233,245,271,283,284,287,308,310,316,329,335,337,358,361,362,374],[19,23,37,38,46,53,55,74,76,83,91,92,106,110,148,152,166,167,175,182,184,203,205,212,220,221,235,239,277,281,295,296,304,311,313,332,334,341,349,350,364,368],[43,86,172,215,301,344]]
得られたB : [2,5,1,6,4,3]
一度も現れなかったBi : [0]

C : [[1,2,4,8,16,32,64,65,97,113,121,125,127,128,130,131,133,137,145,161,193,194,226,242,250,254,256,257,259,260,262,266,274,290,322,323,355,371,379,383,385,386,388,389,391,395,403,419,451,452,484,500,508,512,514,515,517,518,520,524,532,548,580,581,613,629,637,641,643,644,646,647,649,653,661,677,709,710,742,758,766,770,772,773,775,776,778,782,790,806,838,839,871,887,895,899,901,902,904,905,907,911,919,935,967,968,1000,1016,1024,1028,1030,1031,1033,1034,1036,1040,1048,1064,1096,1097,1129,1145,1153,1157,1159,1160]]
得られたC : [0]
一度も現れなかったCi : []

[11,22,35,41,44,47,59,70,82,85,88,94,107,118]
B : [[1,2,4,8,16,32,64,65,97,113,121,125,127,128,130,131,133,137,145,161,193,194,226,242,250,254,256,257,259,260,262,266,274,290,322,323,355,371,379,383,385,386],[5,10,20,31,40,49,62,67,80,89,98,109,119,124,134,139,149,160,169,178,191,196,209,218,227,238,248,253,263,268,278,289,298,307,320,325,338,347,356,367,377,382],[7,14,17,28,34,56,61,68,73,95,101,112,115,122,136,143,146,157,163,185,190,197,202,224,230,241,244,251,265,272,275,286,292,314,319,326,331,353,359,370,373,380],[13,25,26,29,50,52,58,71,77,79,100,103,104,116,142,154,155,158,179,181,187,200,206,208,229,232,233,245,271,283,284,287,308,310,316,329,335,337,358,361,362,374],[19,23,37,38,46,53,55,74,76,83,91,92,106,110,148,152,166,167,175,182,184,203,205,212,220,221,235,239,277,281,295,296,304,311,313,332,334,341,349,350,364,368],[43,86,172,215,301,344],[11,22,35,41,44,47,59,70,82,85,88,94,107,118,140,151,164,170,173,176,188,199,211,214,217,223,236,247,269,280,293,299,302,305,317,328,340,343,346,352,365,376]]
得られたB : [2,1,4,0,3,6]
一度も現れなかったBi : [5]

C : [[43,86,172,215,301,344,430,473,559,602,688,731,817,860,946,989,1075,1118]]
得られたC : [0]
一度も現れなかったCi : []

[13,25,26,29,50,52,58,71,77,79,100,103,104,116]
B : [[1,2,4,8,16,32,64,65,97,113,121,125,127,128,130,131,133,137,145,161,193,194,226,242,250,254,256,257,259,260,262,266,274,290,322,323,355,371,379,383,385,386],[5,10,20,31,40,49,62,67,80,89,98,109,119,124,134,139,149,160,169,178,191,196,209,218,227,238,248,253,263,268,278,289,298,307,320,325,338,347,356,367,377,382],[7,14,17,28,34,56,61,68,73,95,101,112,115,122,136,143,146,157,163,185,190,197,202,224,230,241,244,251,265,272,275,286,292,314,319,326,331,353,359,370,373,380],[11,22,35,41,44,47,59,70,82,85,88,94,107,118,140,151,164,170,173,176,188,199,211,214,217,223,236,247,269,280,293,299,302,305,317,328,340,343,346,352,365,376],[19,23,37,38,46,53,55,74,76,83,91,92,106,110,148,152,166,167,175,182,184,203,205,212,220,221,235,239,277,281,295,296,304,311,313,332,334,341,349,350,364,368],[43,86,172,215,301,344],[13,25,26,29,50,52,58,71,77,79,100,103,104,116,142,154,155,158,179,181,187,200,206,208,229,232,233,245,271,283,284,287,308,310,316,329,335,337,358,361,362,374]]
得られたB : [1,4,6,3,2,5]
一度も現れなかったBi : [0]

C : [[1,2,4,8,16,32,64,65,97,113,121,125,127,128,130,131,133,137,145,161,193,194,226,242,250,254,256,257,259,260,262,266,274,290,322,323,355,371,379,383,385,386,388,389,391,395,403,419,451,452,484,500,508,512,514,515,517,518,520,524,532,548,580,581,613,629,637,641,643,644,646,647,649,653,661,677,709,710,742,758,766,770,772,773,775,776,778,782,790,806,838,839,871,887,895,899,901,902,904,905,907,911,919,935,967,968,1000,1016,1024,1028,1030,1031,1033,1034,1036,1040,1048,1064,1096,1097,1129,1145,1153,1157,1159,1160]]
得られたC : [0]
一度も現れなかったCi : []

[19,23,37,38,46,53,55,74,76,83,91,92,106,110]
B : [[1,2,4,8,16,32,64,65,97,113,121,125,127,128,130,131,133,137,145,161,193,194,226,242,250,254,256,257,259,260,262,266,274,290,322,323,355,371,379,383,385,386],[5,10,20,31,40,49,62,67,80,89,98,109,119,124,134,139,149,160,169,178,191,196,209,218,227,238,248,253,263,268,278,289,298,307,320,325,338,347,356,367,377,382],[7,14,17,28,34,56,61,68,73,95,101,112,115,122,136,143,146,157,163,185,190,197,202,224,230,241,244,251,265,272,275,286,292,314,319,326,331,353,359,370,373,380],[11,22,35,41,44,47,59,70,82,85,88,94,107,118,140,151,164,170,173,176,188,199,211,214,217,223,236,247,269,280,293,299,302,305,317,328,340,343,346,352,365,376],[13,25,26,29,50,52,58,71,77,79,100,103,104,116,142,154,155,158,179,181,187,200,206,208,229,232,233,245,271,283,284,287,308,310,316,329,335,337,358,361,362,374],[43,86,172,215,301,344],[19,23,37,38,46,53,55,74,76,83,91,92,106,110,148,152,166,167,175,182,184,203,205,212,220,221,235,239,277,281,295,296,304,311,313,332,334,341,349,350,364,368]]
得られたB : [4,3,2,1,6,0]
一度も現れなかったBi : [5]

C : [[43,86,172,215,301,344,430,473,559,602,688,731,817,860,946,989,1075,1118]]
得られたC : [0]
一度も現れなかったCi : []

[21,27,39,42,45,51,54,75,78,84,87,90,102,108]
B : [[1,2,4,8,16,32,64,65,97,113,121,125,127,128,130,131,133,137,145,161,193,194,226,242,250,254,256,257,259,260,262,266,274,290,322,323,355,371,379,383,385,386],[5,10,20,31,40,49,62,67,80,89,98,109,119,124,134,139,149,160,169,178,191,196,209,218,227,238,248,253,263,268,278,289,298,307,320,325,338,347,356,367,377,382],[7,14,17,28,34,56,61,68,73,95,101,112,115,122,136,143,146,157,163,185,190,197,202,224,230,241,244,251,265,272,275,286,292,314,319,326,331,353,359,370,373,380],[11,22,35,41,44,47,59,70,82,85,88,94,107,118,140,151,164,170,173,176,188,199,211,214,217,223,236,247,269,280,293,299,302,305,317,328,340,343,346,352,365,376],[13,25,26,29,50,52,58,71,77,79,100,103,104,116,142,154,155,158,179,181,187,200,206,208,229,232,233,245,271,283,284,287,308,310,316,329,335,337,358,361,362,374],[19,23,37,38,46,53,55,74,76,83,91,92,106,110,148,152,166,167,175,182,184,203,205,212,220,221,235,239,277,281,295,296,304,311,313,332,334,341,349,350,364,368],[43,86,172,215,301,344]]
得られたB : [0,3,2,4,5,1]
一度も現れなかったBi : [6]

C : [[43,86,172,215,301,344,430,473,559,602,688,731,817,860,946,989,1075,1118]]
得られたC : [0]
一度も現れなかったCi : []

[43,86]
B : [[1,2,4,8,16,32,64,65,97,113,121,125,127,128,130,131,133,137,145,161,193,194,226,242,250,254,256,257,259,260,262,266,274,290,322,323,355,371,379,383,385,386],[5,10,20,31,40,49,62,67,80,89,98,109,119,124,134,139,149,160,169,178,191,196,209,218,227,238,248,253,263,268,278,289,298,307,320,325,338,347,356,367,377,382],[7,14,17,28,34,56,61,68,73,95,101,112,115,122,136,143,146,157,163,185,190,197,202,224,230,241,244,251,265,272,275,286,292,314,319,326,331,353,359,370,373,380],[11,22,35,41,44,47,59,70,82,85,88,94,107,118,140,151,164,170,173,176,188,199,211,214,217,223,236,247,269,280,293,299,302,305,317,328,340,343,346,352,365,376],[13,25,26,29,50,52,58,71,77,79,100,103,104,116,142,154,155,158,179,181,187,200,206,208,229,232,233,245,271,283,284,287,308,310,316,329,335,337,358,361,362,374],[19,23,37,38,46,53,55,74,76,83,91,92,106,110,148,152,166,167,175,182,184,203,205,212,220,221,235,239,277,281,295,296,304,311,313,332,334,341,349,350,364,368],[43,86,172,215,301,344]]
得られたB : [0]
一度も現れなかったBi : [1,2,3,4,5,6]

