Microsoft Windows [Version 10.0.16299.431]
(c) 2017 Microsoft Corporation. All rights reserved.

C:\me\Haskell\CollatzMod\Ver2>bat1

C:\me\Haskell\CollatzMod\Ver2>CollatzMod02Bigdata 5
A : [[0],[1,2,3,4]]

[0]
B : [[1,2,4,8],[7,11,13,14]]
得られたB : [0]
一度も現れなかったBi : [1]

C : [[7,11,13,14,22,26,28,29,37,41,43,44]]
得られたC : [0]
一度も現れなかったCi : []

[1,2,3,4]
B : [[7,11,13,14],[1,2,4,8]]
得られたB : [1,0]
一度も現れなかったBi : []
プログラムは正常終了しました。

C:\me\Haskell\CollatzMod\Ver2>CollatzMod02Bigdata 7
A : [[0],[1,2,4],[3,5,6]]

[0]
B : [[1,2,4,8,11,16],[5,10,13,17,19,20]]
得られたB : [0]
一度も現れなかったBi : [1]

C : [[5,10,17,20,34,40],[13,19,26,38,41,52],[31,47,55,59,61,62]]
得られたC : [1,0]
一度も現れなかったCi : [2]

C' : [[31,47,55,59,61,62,94,110,118,122,124,125,157,173,181,185,187,188]]
得られたC' : [0]
一度も現れなかったCi' : []

[1,2,4]
B : [[5,10,13,17,19,20],[1,2,4,8,11,16]]
得られたB : [1,0]
一度も現れなかったBi : []

[3,5,6]
B : [[1,2,4,8,11,16],[5,10,13,17,19,20]]
得られたB : [1,0]
一度も現れなかったBi : []
プログラムは正常終了しました。

C:\me\Haskell\CollatzMod\Ver2>CollatzMod02Bigdata 9
A : [[0],[1,2,4,5,7,8],[3,6]]

[0]
B : [[1,2,4,5,7,8,10,11,13,14,16,17,19,20,22,23,25,26]]
得られたB : [0]
一度も現れなかったBi : []

[1,2,4,5,7,8]
B : [[1,2,4,5,7,8,10,11,13,14,16,17,19,20,22,23,25,26]]
得られたB : [0]
一度も現れなかったBi : []

[3,6]
B : [[1,2,4,5,7,8,10,11,13,14,16,17,19,20,22,23,25,26]]
得られたB : [0]
一度も現れなかったBi : []
プログラムは正常終了しました。

C:\me\Haskell\CollatzMod\Ver2>CollatzMod02Bigdata 11
A : [[0],[1,2,3,4,5,6,7,8,9,10]]

[0]
B : [[1,2,4,8,16,17,25,29,31,32],[5,7,10,13,14,19,20,23,26,28]]
得られたB : [0]
一度も現れなかったBi : [1]

C : [[5,7,10,13,14,19,20,23,26,28,38,40,43,46,47,52,53,56,59,61,71,73,76,79,80,85,86,89,92,94]]
得られたC : [0]
一度も現れなかったCi : []

[1,2,3,4,5,6,7,8,9,10]
B : [[5,7,10,13,14,19,20,23,26,28],[1,2,4,8,16,17,25,29,31,32]]
得られたB : [1,0]
一度も現れなかったBi : []
プログラムは正常終了しました。

C:\me\Haskell\CollatzMod\Ver2>CollatzMod02Bigdata 13
A : [[0],[1,2,3,4,5,6,7,8,9,10,11,12]]

[0]
B : [[1,2,4,5,8,10,11,16,20,22,25,32],[7,14,17,19,23,28,29,31,34,35,37,38]]
得られたB : [0]
一度も現れなかったBi : [1]

C : [[7,14,28,31,37,56,62,74,77,97,107,112],[17,19,23,34,35,38,46,67,68,70,76,92],[29,53,58,73,85,95,101,106,109,113,115,116]]
得られたC : [0,1]
一度も現れなかったCi : [2]

C' : [[29,53,58,73,85,95,101,106,109,113,115,116,146,170,175,190,202,212,218,223,226,230,232,233,263,287,292,307,319,329,335,340,343,347,349,350]]
得られたC' : [0]
一度も現れなかったCi' : []

[1,2,3,4,5,6,7,8,9,10,11,12]
B : [[7,14,17,19,23,28,29,31,34,35,37,38],[1,2,4,5,8,10,11,16,20,22,25,32]]
得られたB : [1,0]
一度も現れなかったBi : []
プログラムは正常終了しました。

C:\me\Haskell\CollatzMod\Ver2>CollatzMod02Bigdata 15
A : [[0],[1,2,4,8],[3,6,9,12],[5,10],[7,11,13,14]]

[0]
B : [[1,2,4,8,16,17,19,23,31,32,34,38],[5,10,20,25,35,40],[7,11,13,14,22,26,28,29,37,41,43,44]]
得られたB : [0]
一度も現れなかったBi : [1,2]

C : [[5,10,20,25,35,40,50,55,65,70,80,85,95,100,110,115,125,130],[7,11,13,14,22,26,28,29,37,41,43,44,52,56,58,59,67,71,73,74,82,86,88,89,97,101,103,104,112,116,118,119,127,131,133,134]]
得られたC : [1,0]
一度も現れなかったCi : []

[1,2,4,8]
B : [[5,10,20,25,35,40],[7,11,13,14,22,26,28,29,37,41,43,44],[1,2,4,8,16,17,19,23,31,32,34,38]]
得られたB : [2,1,0]
一度も現れなかったBi : []

[3,6,9,12]
B : [[1,2,4,8,16,17,19,23,31,32,34,38],[5,10,20,25,35,40],[7,11,13,14,22,26,28,29,37,41,43,44]]
得られたB : [1,0,2]
一度も現れなかったBi : []

[5,10]
B : [[1,2,4,8,16,17,19,23,31,32,34,38],[7,11,13,14,22,26,28,29,37,41,43,44],[5,10,20,25,35,40]]
得られたB : [0]
一度も現れなかったBi : [1,2]

C : [[5,10,20,25,35,40,50,55,65,70,80,85,95,100,110,115,125,130],[7,11,13,14,22,26,28,29,37,41,43,44,52,56,58,59,67,71,73,74,82,86,88,89,97,101,103,104,112,116,118,119,127,131,133,134]]
得られたC : [1,0]
一度も現れなかったCi : []

[7,11,13,14]
B : [[1,2,4,8,16,17,19,23,31,32,34,38],[5,10,20,25,35,40],[7,11,13,14,22,26,28,29,37,41,43,44]]
得られたB : [2,0,1]
一度も現れなかったBi : []
プログラムは正常終了しました。

C:\me\Haskell\CollatzMod\Ver2>CollatzMod02Bigdata 17
A : [[0],[1,2,4,8,9,13,15,16],[3,5,6,7,10,11,12,14]]

[0]
B : [[1,2,4,8,13,16,26,32],[5,7,10,14,20,28,29,40],[11,22,23,31,37,41,44,46],[19,25,35,38,43,47,49,50]]
得られたB : [0]
一度も現れなかったBi : [1,2,3]

C : [[5,7,10,14,20,28,29,40,56,58,61,65,71,79,80,91,107,109,112,116,122,130,131,142],[11,22,23,31,37,41,44,46,62,73,74,82,88,92,95,97,113,124,125,133,139,143,146,148],[19,25,35,38,43,47,49,50,70,76,86,89,94,98,100,101,121,127,137,140,145,149,151,152]]
得られたC : [0,2,1]
一度も現れなかったCi : []

[1,2,4,8,9,13,15,16]
B : [[5,7,10,14,20,28,29,40],[11,22,23,31,37,41,44,46],[19,25,35,38,43,47,49,50],[1,2,4,8,13,16,26,32]]
得られたB : [3,0,2,1]
一度も現れなかったBi : []

[3,5,6,7,10,11,12,14]
B : [[1,2,4,8,13,16,26,32],[19,25,35,38,43,47,49,50],[5,7,10,14,20,28,29,40],[11,22,23,31,37,41,44,46]]
得られたB : [2,0,1,3]
一度も現れなかったBi : []
プログラムは正常終了しました。

C:\me\Haskell\CollatzMod\Ver2>CollatzMod02Bigdata 19
A : [[0],[1,2,3,4,5,6,7,8,9,10,11,12,13,14,15,16,17,18]]

[0]
B : [[1,2,4,7,8,14,16,25,28,29,32,41,43,49,50,53,55,56],[5,10,11,13,17,20,22,23,26,31,34,35,37,40,44,46,47,52]]
得られたB : [0]
一度も現れなかったBi : [1]

C : [[5,10,11,20,22,40,44,80,83,88,91,127,131,149,151,160,161,166],[13,23,26,37,46,52,67,74,79,92,97,104,119,125,134,145,148,158],[17,31,34,35,47,62,68,70,77,94,101,103,109,124,136,137,140,154]]
得られたC : [1,0,2]
一度も現れなかったCi : []

[1,2,3,4,5,6,7,8,9,10,11,12,13,14,15,16,17,18]
B : [[5,10,11,13,17,20,22,23,26,31,34,35,37,40,44,46,47,52],[1,2,4,7,8,14,16,25,28,29,32,41,43,49,50,53,55,56]]
得られたB : [1,0]
一度も現れなかったBi : []
プログラムは正常終了しました。

C:\me\Haskell\CollatzMod\Ver2>CollatzMod02Bigdata 21
A : [[0],[1,2,4,8,11,16],[3,6,12],[5,10,13,17,19,20],[7,14],[9,15,18]]

[0]
B : [[1,2,4,8,16,32],[5,10,17,20,34,40],[7,14,28,35,49,56],[11,22,25,37,44,50],[13,19,26,38,41,52],[23,29,43,46,53,58],[31,47,55,59,61,62]]
得られたB : [0]
一度も現れなかったBi : [1,2,3,4,5,6]

C : [[5,10,17,20,34,40,68,73,80,83,97,103,131,136,143,146,160,166],[7,14,28,35,49,56,70,77,91,98,112,119,133,140,154,161,175,182],[11,22,25,37,44,50,74,85,88,100,107,113,137,148,151,163,170,176],[13,19,26,38,41,52,76,82,89,101,104,115,139,145,152,164,167,178],[23,29,43,46,53,58,86,92,106,109,116,121,149,155,169,172,179,184],[31,47,55,59,61,62,94,110,118,122,124,125,157,173,181,185,187,188]]
得られたC : [1,3,2,0]
一度も現れなかったCi : [4,5]

C' : [[23,29,43,46,53,58,86,92,106,109,116,121,149,155,169,172,179,184,212,218,232,235,242,247,275,281,295,298,305,310,338,344,358,361,368,373,401,407,421,424,431,436,464,470,484,487,494,499,527,533,547,550,557,562],[31,47,55,59,61,62,94,110,118,122,124,125,157,173,181,185,187,188,220,236,244,248,250,251,283,299,307,311,313,314,346,362,370,374,376,377,409,425,433,437,439,440,472,488,496,500,502,503,535,551,559,563,565,566]]
得られたC' : [1,0]
一度も現れなかったCi' : []

[1,2,4,8,11,16]
B : [[5,10,17,20,34,40],[7,14,28,35,49,56],[13,19,26,38,41,52],[11,22,25,37,44,50],[23,29,43,46,53,58],[31,47,55,59,61,62],[1,2,4,8,16,32]]
得られたB : [6,1,2,3,0]
一度も現れなかったBi : [4,5]

C : [[23,29,43,46,53,58,86,92,106,109,116,121,149,155,169,172,179,184],[31,47,55,59,61,62,94,110,118,122,124,125,157,173,181,185,187,188]]
得られたC : [0,1]
一度も現れなかったCi : []

[3,6,12]
B : [[1,2,4,8,16,32],[5,10,17,20,34,40],[7,14,28,35,49,56],[11,22,25,37,44,50],[13,19,26,38,41,52],[23,29,43,46,53,58],[31,47,55,59,61,62]]
得られたB : [1,4,3]
一度も現れなかったBi : [0,2,5,6]

C : [[1,2,4,8,16,32,64,65,67,71,79,95,127,128,130,134,142,158],[7,14,28,35,49,56,70,77,91,98,112,119,133,140,154,161,175,182],[23,29,43,46,53,58,86,92,106,109,116,121,149,155,169,172,179,184],[31,47,55,59,61,62,94,110,118,122,124,125,157,173,181,185,187,188]]
得られたC : [0,1,2,3]
一度も現れなかったCi : []

[5,10,13,17,19,20]
B : [[1,2,4,8,16,32],[7,14,28,35,49,56],[11,22,25,37,44,50],[23,29,43,46,53,58],[13,19,26,38,41,52],[31,47,55,59,61,62],[5,10,17,20,34,40]]
得られたB : [0,5,6,4,3]
一度も現れなかったBi : [1,2]

C : [[7,14,28,35,49,56,70,77,91,98,112,119,133,140,154,161,175,182],[11,22,25,37,44,50,74,85,88,100,107,113,137,148,151,163,170,176]]
得られたC : [0,1]
一度も現れなかったCi : []

[7,14]
B : [[1,2,4,8,16,32],[5,10,17,20,34,40],[11,22,25,37,44,50],[13,19,26,38,41,52],[23,29,43,46,53,58],[7,14,28,35,49,56],[31,47,55,59,61,62]]
得られたB : [2,4]
一度も現れなかったBi : [0,1,3,5,6]

C : [[1,2,4,8,16,32,64,65,67,71,79,95,127,128,130,134,142,158],[5,10,17,20,34,40,68,73,80,83,97,103,131,136,143,146,160,166],[7,14,28,35,49,56,70,77,91,98,112,119,133,140,154,161,175,182],[13,19,26,38,41,52,76,82,89,101,104,115,139,145,152,164,167,178],[31,47,55,59,61,62,94,110,118,122,124,125,157,173,181,185,187,188]]
得られたC : [2,0,3,1]
一度も現れなかったCi : [4]

C' : [[31,47,55,59,61,62,94,110,118,122,124,125,157,173,181,185,187,188,220,236,244,248,250,251,283,299,307,311,313,314,346,362,370,374,376,377,409,425,433,437,439,440,472,488,496,500,502,503,535,551,559,563,565,566]]
得られたC' : [0]
一度も現れなかったCi' : []

[9,15,18]
B : [[1,2,4,8,16,32],[5,10,17,20,34,40],[7,14,28,35,49,56],[11,22,25,37,44,50],[13,19,26,38,41,52],[23,29,43,46,53,58],[31,47,55,59,61,62]]
得られたB : [2,5,6]
一度も現れなかったBi : [0,1,3,4]

C : [[1,2,4,8,16,32,64,65,67,71,79,95,127,128,130,134,142,158],[5,10,17,20,34,40,68,73,80,83,97,103,131,136,143,146,160,166],[11,22,25,37,44,50,74,85,88,100,107,113,137,148,151,163,170,176],[13,19,26,38,41,52,76,82,89,101,104,115,139,145,152,164,167,178]]
得られたC : [0,1,3,2]
一度も現れなかったCi : []
プログラムは正常終了しました。

C:\me\Haskell\CollatzMod\Ver2>CollatzMod02Bigdata 23
A : [[0],[1,2,3,4,6,8,9,12,13,16,18],[5,7,10,11,14,15,17,19,20,21,22]]

[0]
B : [[1,2,4,8,13,16,25,26,29,31,32,35,41,47,49,50,52,55,58,59,62,64],[5,7,10,11,14,17,19,20,22,28,34,37,38,40,43,44,53,56,61,65,67,68]]
得られたB : [0]
一度も現れなかったBi : [1]

C : [[5,7,10,11,14,17,19,20,22,28,34,37,38,40,43,44,53,56,61,65,67,68,74,76,79,80,83,86,88,89,91,97,103,106,107,109,112,113,122,125,130,134,136,137,143,145,148,149,152,155,157,158,160,166,172,175,176,178,181,182,191,194,199,203,205,206]]
得られたC : [0]
一度も現れなかったCi : []

[1,2,3,4,6,8,9,12,13,16,18]
B : [[5,7,10,11,14,17,19,20,22,28,34,37,38,40,43,44,53,56,61,65,67,68],[1,2,4,8,13,16,25,26,29,31,32,35,41,47,49,50,52,55,58,59,62,64]]
得られたB : [1,0]
一度も現れなかったBi : []

[5,7,10,11,14,15,17,19,20,21,22]
B : [[1,2,4,8,13,16,25,26,29,31,32,35,41,47,49,50,52,55,58,59,62,64],[5,7,10,11,14,17,19,20,22,28,34,37,38,40,43,44,53,56,61,65,67,68]]
得られたB : [0,1]
一度も現れなかったBi : []
プログラムは正常終了しました。

C:\me\Haskell\CollatzMod\Ver2>CollatzMod02Bigdata 25
A : [[0],[1,2,3,4,6,7,8,9,11,12,13,14,16,17,18,19,21,22,23,24],[5,10,15,20]]

[0]
B : [[1,2,4,8,16,17,19,23,31,32,34,38,46,47,49,53,61,62,64,68],[5,10,20,40],[7,11,13,14,22,26,28,29,37,41,43,44,52,56,58,59,67,71,73,74],[35,55,65,70]]
得られたB : [0]
一度も現れなかったBi : [1,2,3]

C : [[5,10,20,40,80,85,95,115,155,160,170,190],[7,11,13,14,22,26,28,29,37,41,43,44,52,56,58,59,67,71,73,74,82,86,88,89,97,101,103,104,112,116,118,119,127,131,133,134,142,146,148,149,157,161,163,164,172,176,178,179,187,191,193,194,202,206,208,209,217,221,223,224],[35,55,65,70,110,130,140,145,185,205,215,220]]
得られたC : [1,2,0]
一度も現れなかったCi : []

[1,2,3,4,6,7,8,9,11,12,13,14,16,17,18,19,21,22,23,24]
B : [[5,10,20,40],[7,11,13,14,22,26,28,29,37,41,43,44,52,56,58,59,67,71,73,74],[1,2,4,8,16,17,19,23,31,32,34,38,46,47,49,53,61,62,64,68],[35,55,65,70]]
得られたB : [2,1,0,3]
一度も現れなかったBi : []

[5,10,15,20]
B : [[1,2,4,8,16,17,19,23,31,32,34,38,46,47,49,53,61,62,64,68],[7,11,13,14,22,26,28,29,37,41,43,44,52,56,58,59,67,71,73,74],[35,55,65,70],[5,10,20,40]]
得られたB : [0]
一度も現れなかったBi : [1,2,3]

C : [[5,10,20,40,80,85,95,115,155,160,170,190],[7,11,13,14,22,26,28,29,37,41,43,44,52,56,58,59,67,71,73,74,82,86,88,89,97,101,103,104,112,116,118,119,127,131,133,134,142,146,148,149,157,161,163,164,172,176,178,179,187,191,193,194,202,206,208,209,217,221,223,224],[35,55,65,70,110,130,140,145,185,205,215,220]]
得られたC : [1,2,0]
一度も現れなかったCi : []
プログラムは正常終了しました。

C:\me\Haskell\CollatzMod\Ver2>CollatzMod02Bigdata 27
A : [[0],[1,2,4,5,7,8,10,11,13,14,16,17,19,20,22,23,25,26],[3,6,12,15,21,24],[9,18]]

[0]
B : [[1,2,4,5,7,8,10,11,13,14,16,17,19,20,22,23,25,26,28,29,31,32,34,35,37,38,40,41,43,44,46,47,49,50,52,53,55,56,58,59,61,62,64,65,67,68,70,71,73,74,76,77,79,80]]
得られたB : [0]
一度も現れなかったBi : []

[1,2,4,5,7,8,10,11,13,14,16,17,19,20,22,23,25,26]
B : [[1,2,4,5,7,8,10,11,13,14,16,17,19,20,22,23,25,26,28,29,31,32,34,35,37,38,40,41,43,44,46,47,49,50,52,53,55,56,58,59,61,62,64,65,67,68,70,71,73,74,76,77,79,80]]
得られたB : [0]
一度も現れなかったBi : []

[3,6,12,15,21,24]
B : [[1,2,4,5,7,8,10,11,13,14,16,17,19,20,22,23,25,26,28,29,31,32,34,35,37,38,40,41,43,44,46,47,49,50,52,53,55,56,58,59,61,62,64,65,67,68,70,71,73,74,76,77,79,80]]
得られたB : [0]
一度も現れなかったBi : []

[9,18]
B : [[1,2,4,5,7,8,10,11,13,14,16,17,19,20,22,23,25,26,28,29,31,32,34,35,37,38,40,41,43,44,46,47,49,50,52,53,55,56,58,59,61,62,64,65,67,68,70,71,73,74,76,77,79,80]]
得られたB : [0]
一度も現れなかったBi : []
プログラムは正常終了しました。

C:\me\Haskell\CollatzMod\Ver2>CollatzMod02Bigdata 29
A : [[0],[1,2,3,4,5,6,7,8,9,10,11,12,13,14,15,16,17,18,19,20,21,22,23,24,25,26,27,28]]

[0]
B : [[1,2,4,7,8,11,13,14,16,17,22,25,26,28,32,34,41,44,47,49,50,52,56,64,67,68,77,82],[5,10,19,20,23,31,35,37,38,40,43,46,53,55,59,61,62,65,70,71,73,74,76,79,80,83,85,86]]
得られたB : [0]
一度も現れなかったBi : [1]

C : [[5,10,19,20,23,31,35,37,38,40,43,46,53,55,59,61,62,65,70,71,73,74,76,79,80,83,85,86,92,97,106,107,110,118,122,124,125,127,130,133,140,142,146,148,149,152,157,158,160,161,163,166,167,170,172,173,179,184,193,194,197,205,209,211,212,214,217,220,227,229,233,235,236,239,244,245,247,248,250,253,254,257,259,260]]
得られたC : [0]
一度も現れなかったCi : []

[1,2,3,4,5,6,7,8,9,10,11,12,13,14,15,16,17,18,19,20,21,22,23,24,25,26,27,28]
B : [[5,10,19,20,23,31,35,37,38,40,43,46,53,55,59,61,62,65,70,71,73,74,76,79,80,83,85,86],[1,2,4,7,8,11,13,14,16,17,22,25,26,28,32,34,41,44,47,49,50,52,56,64,67,68,77,82]]
得られたB : [1,0]
一度も現れなかったBi : []
プログラムは正常終了しました。

C:\me\Haskell\CollatzMod\Ver2>CollatzMod02Bigdata 31
A : [[0],[1,2,4,8,16],[3,6,12,17,24],[5,9,10,18,20],[7,14,19,25,28],[11,13,21,22,26],[15,23,27,29,30]]

[0]
B : [[1,2,4,8,16,32,35,47,64,70],[5,10,20,40,41,49,67,71,80,82],[7,14,19,25,28,38,50,56,59,76],[11,13,22,26,44,52,53,73,83,88],[17,34,37,43,55,65,68,74,79,86],[23,29,46,58,61,77,85,89,91,92]]
得られたB : [0]
一度も現れなかったBi : [1,2,3,4,5]

C : [[5,10,20,40,41,49,67,71,80,82,98,103,113,133,134,142,160,164,173,175,191,196,206,226,227,235,253,257,266,268],[7,14,19,25,28,38,50,56,59,76,100,107,112,118,121,131,143,149,152,169,193,200,205,211,214,224,236,242,245,262],[11,13,22,26,44,52,53,73,83,88,104,106,115,119,137,145,146,166,176,181,197,199,208,212,230,238,239,259,269,274],[17,34,37,43,55,65,68,74,79,86,110,127,130,136,148,158,161,167,172,179,203,220,223,229,241,251,254,260,265,272],[23,29,46,58,61,77,85,89,91,92,116,122,139,151,154,170,178,182,184,185,209,215,232,244,247,263,271,275,277,278]]
得られたC : [1,2,0]
一度も現れなかったCi : [3,4]

C' : [[17,34,37,43,55,65,68,74,79,86,110,127,130,136,148,158,161,167,172,179,203,220,223,229,241,251,254,260,265,272,296,313,316,322,334,344,347,353,358,365,389,406,409,415,427,437,440,446,451,458,482,499,502,508,520,530,533,539,544,551,575,592,595,601,613,623,626,632,637,644,668,685,688,694,706,716,719,725,730,737,761,778,781,787,799,809,812,818,823,830],[23,29,46,58,61,77,85,89,91,92,116,122,139,151,154,170,178,182,184,185,209,215,232,244,247,263,271,275,277,278,302,308,325,337,340,356,364,368,370,371,395,401,418,430,433,449,457,461,463,464,488,494,511,523,526,542,550,554,556,557,581,587,604,616,619,635,643,647,649,650,674,680,697,709,712,728,736,740,742,743,767,773,790,802,805,821,829,833,835,836]]
得られたC' : [0,1]
一度も現れなかったCi' : []

[1,2,4,8,16]
B : [[5,10,20,40,41,49,67,71,80,82],[7,14,19,25,28,38,50,56,59,76],[11,13,22,26,44,52,53,73,83,88],[17,34,37,43,55,65,68,74,79,86],[23,29,46,58,61,77,85,89,91,92],[1,2,4,8,16,32,35,47,64,70]]
得られたB : [5,1,2,0]
一度も現れなかったBi : [3,4]

C : [[17,34,37,43,55,65,68,74,79,86,110,127,130,136,148,158,161,167,172,179,203,220,223,229,241,251,254,260,265,272],[23,29,46,58,61,77,85,89,91,92,116,122,139,151,154,170,178,182,184,185,209,215,232,244,247,263,271,275,277,278]]
得られたC : [1,0]
一度も現れなかったCi : []

[3,6,12,17,24]
B : [[1,2,4,8,16,32,35,47,64,70],[5,10,20,40,41,49,67,71,80,82],[7,14,19,25,28,38,50,56,59,76],[11,13,22,26,44,52,53,73,83,88],[23,29,46,58,61,77,85,89,91,92],[17,34,37,43,55,65,68,74,79,86]]
得られたB : [1,2,5,3]
一度も現れなかったBi : [0,4]

C : [[1,2,4,8,16,32,35,47,64,70,94,95,97,101,109,125,128,140,157,163,187,188,190,194,202,218,221,233,250,256],[23,29,46,58,61,77,85,89,91,92,116,122,139,151,154,170,178,182,184,185,209,215,232,244,247,263,271,275,277,278]]
得られたC : [0,1]
一度も現れなかったCi : []

[5,9,10,18,20]
B : [[1,2,4,8,16,32,35,47,64,70],[7,14,19,25,28,38,50,56,59,76],[11,13,22,26,44,52,53,73,83,88],[17,34,37,43,55,65,68,74,79,86],[23,29,46,58,61,77,85,89,91,92],[5,10,20,40,41,49,67,71,80,82]]
得られたB : [0,1,3,4]
一度も現れなかったBi : [2,5]

C : [[5,10,20,40,41,49,67,71,80,82,98,103,113,133,134,142,160,164,173,175,191,196,206,226,227,235,253,257,266,268],[11,13,22,26,44,52,53,73,83,88,104,106,115,119,137,145,146,166,176,181,197,199,208,212,230,238,239,259,269,274]]
得られたC : [1,0]
一度も現れなかったCi : []

[7,14,19,25,28]
B : [[1,2,4,8,16,32,35,47,64,70],[5,10,20,40,41,49,67,71,80,82],[11,13,22,26,44,52,53,73,83,88],[17,34,37,43,55,65,68,74,79,86],[23,29,46,58,61,77,85,89,91,92],[7,14,19,25,28,38,50,56,59,76]]
得られたB : [2,3,4,5]
一度も現れなかったBi : [0,1]

C : [[1,2,4,8,16,32,35,47,64,70,94,95,97,101,109,125,128,140,157,163,187,188,190,194,202,218,221,233,250,256],[5,10,20,40,41,49,67,71,80,82,98,103,113,133,134,142,160,164,173,175,191,196,206,226,227,235,253,257,266,268]]
得られたC : [0,1]
一度も現れなかったCi : []

[11,13,21,22,26]
B : [[1,2,4,8,16,32,35,47,64,70],[5,10,20,40,41,49,67,71,80,82],[7,14,19,25,28,38,50,56,59,76],[17,34,37,43,55,65,68,74,79,86],[23,29,46,58,61,77,85,89,91,92],[11,13,22,26,44,52,53,73,83,88]]
得られたB : [3,1,0]
一度も現れなかったBi : [2,4,5]

C : [[7,14,19,25,28,38,50,56,59,76,100,107,112,118,121,131,143,149,152,169,193,200,205,211,214,224,236,242,245,262],[11,13,22,26,44,52,53,73,83,88,104,106,115,119,137,145,146,166,176,181,197,199,208,212,230,238,239,259,269,274],[23,29,46,58,61,77,85,89,91,92,116,122,139,151,154,170,178,182,184,185,209,215,232,244,247,263,271,275,277,278]]
得られたC : [1,0,2]
一度も現れなかったCi : []

[15,23,27,29,30]
B : [[1,2,4,8,16,32,35,47,64,70],[5,10,20,40,41,49,67,71,80,82],[7,14,19,25,28,38,50,56,59,76],[11,13,22,26,44,52,53,73,83,88],[17,34,37,43,55,65,68,74,79,86],[23,29,46,58,61,77,85,89,91,92]]
得られたB : [5,0,1,3]
一度も現れなかったBi : [2,4]

C : [[7,14,19,25,28,38,50,56,59,76,100,107,112,118,121,131,143,149,152,169,193,200,205,211,214,224,236,242,245,262],[17,34,37,43,55,65,68,74,79,86,110,127,130,136,148,158,161,167,172,179,203,220,223,229,241,251,254,260,265,272]]
得られたC : [1,0]
一度も現れなかったCi : []
プログラムは正常終了しました。

C:\me\Haskell\CollatzMod\Ver2>CollatzMod02Bigdata 33
A : [[0],[1,2,4,8,16,17,25,29,31,32],[3,6,9,12,15,18,21,24,27,30],[5,7,10,13,14,19,20,23,26,28],[11,22]]

[0]
B : [[1,2,4,8,16,17,25,29,31,32,34,35,37,41,49,50,58,62,64,65,67,68,70,74,82,83,91,95,97,98],[5,7,10,13,14,19,20,23,26,28,38,40,43,46,47,52,53,56,59,61,71,73,76,79,80,85,86,89,92,94],[11,22,44,55,77,88]]
得られたB : [0]
一度も現れなかったBi : [1,2]

C : [[5,7,10,13,14,19,20,23,26,28,38,40,43,46,47,52,53,56,59,61,71,73,76,79,80,85,86,89,92,94,104,106,109,112,113,118,119,122,125,127,137,139,142,145,146,151,152,155,158,160,170,172,175,178,179,184,185,188,191,193,203,205,208,211,212,217,218,221,224,226,236,238,241,244,245,250,251,254,257,259,269,271,274,277,278,283,284,287,290,292],[11,22,44,55,77,88,110,121,143,154,176,187,209,220,242,253,275,286]]
得られたC : [0,1]
一度も現れなかったCi : []

[1,2,4,8,16,17,25,29,31,32]
B : [[5,7,10,13,14,19,20,23,26,28,38,40,43,46,47,52,53,56,59,61,71,73,76,79,80,85,86,89,92,94],[11,22,44,55,77,88],[1,2,4,8,16,17,25,29,31,32,34,35,37,41,49,50,58,62,64,65,67,68,70,74,82,83,91,95,97,98]]
得られたB : [2,0,1]
一度も現れなかったBi : []

[3,6,9,12,15,18,21,24,27,30]
B : [[1,2,4,8,16,17,25,29,31,32,34,35,37,41,49,50,58,62,64,65,67,68,70,74,82,83,91,95,97,98],[5,7,10,13,14,19,20,23,26,28,38,40,43,46,47,52,53,56,59,61,71,73,76,79,80,85,86,89,92,94],[11,22,44,55,77,88]]
得られたB : [1,0,2]
一度も現れなかったBi : []

[5,7,10,13,14,19,20,23,26,28]
B : [[1,2,4,8,16,17,25,29,31,32,34,35,37,41,49,50,58,62,64,65,67,68,70,74,82,83,91,95,97,98],[11,22,44,55,77,88],[5,7,10,13,14,19,20,23,26,28,38,40,43,46,47,52,53,56,59,61,71,73,76,79,80,85,86,89,92,94]]
得られたB : [0,1,2]
一度も現れなかったBi : []

[11,22]
B : [[1,2,4,8,16,17,25,29,31,32,34,35,37,41,49,50,58,62,64,65,67,68,70,74,82,83,91,95,97,98],[5,7,10,13,14,19,20,23,26,28,38,40,43,46,47,52,53,56,59,61,71,73,76,79,80,85,86,89,92,94],[11,22,44,55,77,88]]
得られたB : [0]
一度も現れなかったBi : [1,2]

C : [[5,7,10,13,14,19,20,23,26,28,38,40,43,46,47,52,53,56,59,61,71,73,76,79,80,85,86,89,92,94,104,106,109,112,113,118,119,122,125,127,137,139,142,145,146,151,152,155,158,160,170,172,175,178,179,184,185,188,191,193,203,205,208,211,212,217,218,221,224,226,236,238,241,244,245,250,251,254,257,259,269,271,274,277,278,283,284,287,290,292],[11,22,44,55,77,88,110,121,143,154,176,187,209,220,242,253,275,286]]
得られたC : [0,1]
一度も現れなかったCi : []
プログラムは正常終了しました。

C:\me\Haskell\CollatzMod\Ver2>CollatzMod02Bigdata 35
A : [[0],[1,2,4,8,9,11,16,18,22,23,29,32],[3,6,12,13,17,19,24,26,27,31,33,34],[5,10,20],[7,14,21,28],[15,25,30]]

[0]
B : [[1,2,4,8,16,23,32,46,53,64,79,92],[5,10,20,40,55,80],[7,14,28,56],[11,22,29,37,43,44,58,67,71,74,86,88],[13,26,41,52,59,73,82,89,97,101,103,104],[17,19,31,34,38,47,61,62,68,76,83,94],[25,50,65,85,95,100],[49,77,91,98]]
得られたB : [0]
一度も現れなかったBi : [1,2,3,4,5,6,7]

C : [[5,10,20,40,80,160],[7,14,28,56,112,119,133,161,217,224,238,266],[11,22,37,44,74,88,148,163,176,239,277,296],[13,26,41,52,82,89,101,104,164,178,202,208],[17,34,68,83,136,143,166,199,229,257,272,286],[19,38,76,139,152,167,227,241,271,278,293,304],[25,50,85,100,170,200],[29,43,58,86,116,149,172,179,232,247,281,298],[31,47,61,62,94,122,124,173,181,188,244,248],[49,77,91,98,154,182,196,203,259,287,301,308],[55,110,125,185,220,250],[59,118,157,187,236,251,283,299,307,311,313,314],[65,95,130,190,205,260],[67,71,127,134,142,191,193,221,253,254,268,284],[73,97,103,131,146,194,206,209,223,262,269,292],[115,145,215,230,265,290],[155,235,275,295,305,310]]
得られたC : [1,3,6,9,14,5,0,13,2]
一度も現れなかったCi : [4,7,8,10,11,12,15,16]

C' : [[17,34,68,83,136,143,166,199,229,257,272,286,332,349,383,398,451,458,481,514,544,572,587,601,647,664,698,713,766,773,796,829,859,887,902,916],[29,43,58,86,116,149,172,179,232,247,281,298,344,358,373,401,431,464,487,494,547,562,596,613,659,673,688,716,746,779,802,809,862,877,911,928],[31,47,61,62,94,122,124,173,181,188,244,248,346,362,376,377,409,437,439,488,496,503,559,563,661,677,691,692,724,752,754,803,811,818,874,878],[55,110,125,185,220,250,370,425,440,500,535,565,685,740,755,815,850,880],[59,118,157,187,236,251,283,299,307,311,313,314,374,433,472,502,551,566,598,614,622,626,628,629,689,748,787,817,866,881,913,929,937,941,943,944],[65,95,130,190,205,260,380,410,445,505,520,575,695,725,760,820,835,890],[115,145,215,230,265,290,430,460,530,545,580,605,745,775,845,860,895,920],[155,235,275,295,305,310,470,550,590,610,620,625,785,865,905,925,935,940]]
得られたC' : [0,6,5,1,2,4,3,7]
一度も現れなかったCi' : []

[1,2,4,8,9,11,16,18,22,23,29,32]
B : [[5,10,20,40,55,80],[7,14,28,56],[13,26,41,52,59,73,82,89,97,101,103,104],[17,19,31,34,38,47,61,62,68,76,83,94],[25,50,65,85,95,100],[11,22,29,37,43,44,58,67,71,74,86,88],[1,2,4,8,16,23,32,46,53,64,79,92],[49,77,91,98]]
得られたB : [6,1,2,4,3,7,0,5]
一度も現れなかったBi : []

[3,6,12,13,17,19,24,26,27,31,33,34]
B : [[1,2,4,8,16,23,32,46,53,64,79,92],[5,10,20,40,55,80],[7,14,28,56],[11,22,29,37,43,44,58,67,71,74,86,88],[25,50,65,85,95,100],[17,19,31,34,38,47,61,62,68,76,83,94],[13,26,41,52,59,73,82,89,97,101,103,104],[49,77,91,98]]
得られたB : [1,5,3,6,0,4]
一度も現れなかったBi : [2,7]

C : [[7,14,28,56,112,119,133,161,217,224,238,266],[49,77,91,98,154,182,196,203,259,287,301,308]]
得られたC : [1,0]
一度も現れなかったCi : []

[5,10,20]
B : [[1,2,4,8,16,23,32,46,53,64,79,92],[7,14,28,56],[11,22,29,37,43,44,58,67,71,74,86,88],[13,26,41,52,59,73,82,89,97,101,103,104],[17,19,31,34,38,47,61,62,68,76,83,94],[25,50,65,85,95,100],[5,10,20,40,55,80],[49,77,91,98]]
得られたB : [0,4]
一度も現れなかったBi : [1,2,3,5,6,7]

C : [[5,10,20,40,80,160],[7,14,28,56,112,119,133,161,217,224,238,266],[11,22,37,44,74,88,148,163,176,239,277,296],[13,26,41,52,82,89,101,104,164,178,202,208],[25,50,85,100,170,200],[29,43,58,86,116,149,172,179,232,247,281,298],[49,77,91,98,154,182,196,203,259,287,301,308],[55,110,125,185,220,250],[59,118,157,187,236,251,283,299,307,311,313,314],[65,95,130,190,205,260],[67,71,127,134,142,191,193,221,253,254,268,284],[73,97,103,131,146,194,206,209,223,262,269,292],[115,145,215,230,265,290],[155,235,275,295,305,310]]
得られたC : [3,5,11,12,10,8,9,7,1,4,6,0,2]
一度も現れなかったCi : [13]

C' : [[155,235,275,295,305,310,470,550,590,610,620,625,785,865,905,925,935,940]]
得られたC' : [0]
一度も現れなかったCi' : []

[7,14,21,28]
B : [[1,2,4,8,16,23,32,46,53,64,79,92],[5,10,20,40,55,80],[11,22,29,37,43,44,58,67,71,74,86,88],[13,26,41,52,59,73,82,89,97,101,103,104],[17,19,31,34,38,47,61,62,68,76,83,94],[25,50,65,85,95,100],[49,77,91,98],[7,14,28,56]]
得られたB : [2,0,5]
一度も現れなかったBi : [1,3,4,6,7]

C : [[5,10,20,40,80,160],[7,14,28,56,112,119,133,161,217,224,238,266],[13,26,41,52,82,89,101,104,164,178,202,208],[17,34,68,83,136,143,166,199,229,257,272,286],[19,38,76,139,152,167,227,241,271,278,293,304],[31,47,61,62,94,122,124,173,181,188,244,248],[49,77,91,98,154,182,196,203,259,287,301,308],[55,110,125,185,220,250],[59,118,157,187,236,251,283,299,307,311,313,314],[73,97,103,131,146,194,206,209,223,262,269,292],[115,145,215,230,265,290]]
得られたC : [4,6,3,1,2,9,0,10]
一度も現れなかったCi : [5,7,8]

C' : [[31,47,61,62,94,122,124,173,181,188,244,248,346,362,376,377,409,437,439,488,496,503,559,563,661,677,691,692,724,752,754,803,811,818,874,878],[55,110,125,185,220,250,370,425,440,500,535,565,685,740,755,815,850,880],[59,118,157,187,236,251,283,299,307,311,313,314,374,433,472,502,551,566,598,614,622,626,628,629,689,748,787,817,866,881,913,929,937,941,943,944]]
得られたC' : [0,1,2]
一度も現れなかったCi' : []

[15,25,30]
B : [[1,2,4,8,16,23,32,46,53,64,79,92],[5,10,20,40,55,80],[7,14,28,56],[11,22,29,37,43,44,58,67,71,74,86,88],[13,26,41,52,59,73,82,89,97,101,103,104],[17,19,31,34,38,47,61,62,68,76,83,94],[49,77,91,98],[25,50,65,85,95,100]]
得られたB : [0,5,6]
一度も現れなかったBi : [1,2,3,4,7]

C : [[5,10,20,40,80,160],[7,14,28,56,112,119,133,161,217,224,238,266],[11,22,37,44,74,88,148,163,176,239,277,296],[13,26,41,52,82,89,101,104,164,178,202,208],[25,50,85,100,170,200],[29,43,58,86,116,149,172,179,232,247,281,298],[55,110,125,185,220,250],[59,118,157,187,236,251,283,299,307,311,313,314],[65,95,130,190,205,260],[67,71,127,134,142,191,193,221,253,254,268,284],[73,97,103,131,146,194,206,209,223,262,269,292],[115,145,215,230,265,290],[155,235,275,295,305,310]]
得られたC : [2,5,12,3,10,11,9,7,8,6,1,4,0]
一度も現れなかったCi : []
プログラムは正常終了しました。

C:\me\Haskell\CollatzMod\Ver2>CollatzMod02Bigdata 37
A : [[0],[1,2,3,4,5,6,7,8,9,10,11,12,13,14,15,16,17,18,19,20,21,22,23,24,25,26,27,28,29,30,31,32,33,34,35,36]]

[0]
B : [[1,2,4,5,7,8,10,14,16,17,20,23,25,28,29,32,34,35,40,46,49,50,56,58,59,64,67,68,70,73,80,85,89,92,98,100],[11,13,19,22,26,31,38,41,43,44,47,52,53,55,61,62,65,71,76,77,79,82,83,86,88,91,94,95,97,101,103,104,106,107,109,110]]
得られたB : [0]
一度も現れなかったBi : [1]

C : [[11,19,22,38,43,44,47,55,71,76,86,88,94,95,97,101,107,110,137,142,152,172,176,188,190,194,202,214,215,217,220,235,274,275,284,304],[13,26,41,52,65,77,82,83,104,130,133,154,164,166,173,187,199,205,208,233,253,260,266,269,283,293,301,308,313,317,323,325,328,329,331,332],[31,53,61,62,79,91,103,106,109,122,124,149,155,158,163,182,193,197,206,212,218,221,241,244,248,263,265,277,287,298,299,305,310,316,319,326]]
得られたC : [1,0,2]
一度も現れなかったCi : []

[1,2,3,4,5,6,7,8,9,10,11,12,13,14,15,16,17,18,19,20,21,22,23,24,25,26,27,28,29,30,31,32,33,34,35,36]
B : [[11,13,19,22,26,31,38,41,43,44,47,52,53,55,61,62,65,71,76,77,79,82,83,86,88,91,94,95,97,101,103,104,106,107,109,110],[1,2,4,5,7,8,10,14,16,17,20,23,25,28,29,32,34,35,40,46,49,50,56,58,59,64,67,68,70,73,80,85,89,92,98,100]]
得られたB : [1,0]
一度も現れなかったBi : []
プログラムは正常終了しました。

C:\me\Haskell\CollatzMod\Ver2>CollatzMod02Bigdata 39
A : [[0],[1,2,4,5,8,10,11,16,20,22,25,32],[3,6,9,12,15,18,21,24,27,30,33,36],[7,14,17,19,23,28,29,31,34,35,37,38],[13,26]]

[0]
B : [[1,2,4,8,11,16,22,32,44,59,64,88],[5,10,20,40,43,55,61,80,86,89,103,110],[7,14,28,31,37,56,62,74,77,97,107,112],[13,26,52,65,91,104],[17,19,23,34,35,38,46,67,68,70,76,92],[25,41,47,49,50,71,79,82,83,94,98,100],[29,53,58,73,85,95,101,106,109,113,115,116]]
得られたB : [0]
一度も現れなかったBi : [1,2,3,4,5,6]

C : [[5,10,20,40,43,55,61,80,86,89,103,110,122,127,137,157,160,172,178,197,203,206,220,227,239,244,254,274,277,289,295,314,320,323,337,344],[7,14,28,31,37,56,62,74,77,97,107,112,124,131,145,148,154,173,179,191,194,214,224,229,241,248,262,265,271,290,296,308,311,331,341,346],[13,26,52,65,91,104,130,143,169,182,208,221,247,260,286,299,325,338],[17,19,23,34,35,38,46,67,68,70,76,92,134,136,140,151,152,155,163,184,185,187,193,209,251,253,257,268,269,272,280,301,302,304,310,326],[25,41,47,49,50,71,79,82,83,94,98,100,142,158,164,166,167,188,196,199,200,211,215,217,259,275,281,283,284,305,313,316,317,328,332,334],[29,53,58,73,85,95,101,106,109,113,115,116,146,170,175,190,202,212,218,223,226,230,232,233,263,287,292,307,319,329,335,340,343,347,349,350]]
得られたC : [1,2,4,3,0]
一度も現れなかったCi : [5]

C' : [[29,53,58,73,85,95,101,106,109,113,115,116,146,170,175,190,202,212,218,223,226,230,232,233,263,287,292,307,319,329,335,340,343,347,349,350,380,404,409,424,436,446,452,457,460,464,466,467,497,521,526,541,553,563,569,574,577,581,583,584,614,638,643,658,670,680,686,691,694,698,700,701,731,755,760,775,787,797,803,808,811,815,817,818,848,872,877,892,904,914,920,925,928,932,934,935,965,989,994,1009,1021,1031,1037,1042,1045,1049,1051,1052]]
得られたC' : [0]
一度も現れなかったCi' : []

[1,2,4,5,8,10,11,16,20,22,25,32]
B : [[7,14,28,31,37,56,62,74,77,97,107,112],[13,26,52,65,91,104],[17,19,23,34,35,38,46,67,68,70,76,92],[29,53,58,73,85,95,101,106,109,113,115,116],[5,10,20,40,43,55,61,80,86,89,103,110],[25,41,47,49,50,71,79,82,83,94,98,100],[1,2,4,8,11,16,22,32,44,59,64,88]]
得られたB : [6,0,1,5,2,4]
一度も現れなかったBi : [3]

C : [[29,53,58,73,85,95,101,106,109,113,115,116,146,170,175,190,202,212,218,223,226,230,232,233,263,287,292,307,319,329,335,340,343,347,349,350]]
得られたC : [0]
一度も現れなかったCi : []

[3,6,9,12,15,18,21,24,27,30,33,36]
B : [[1,2,4,8,11,16,22,32,44,59,64,88],[5,10,20,40,43,55,61,80,86,89,103,110],[7,14,28,31,37,56,62,74,77,97,107,112],[13,26,52,65,91,104],[17,19,23,34,35,38,46,67,68,70,76,92],[25,41,47,49,50,71,79,82,83,94,98,100],[29,53,58,73,85,95,101,106,109,113,115,116]]
得られたB : [1,4,2,0,6,5,3]
一度も現れなかったBi : []

[7,14,17,19,23,28,29,31,34,35,37,38]
B : [[1,2,4,8,11,16,22,32,44,59,64,88],[5,10,20,40,43,55,61,80,86,89,103,110],[13,26,52,65,91,104],[25,41,47,49,50,71,79,82,83,94,98,100],[17,19,23,34,35,38,46,67,68,70,76,92],[29,53,58,73,85,95,101,106,109,113,115,116],[7,14,28,31,37,56,62,74,77,97,107,112]]
得られたB : [0,1,2,5,4,3,6]
一度も現れなかったBi : []

[13,26]
B : [[1,2,4,8,11,16,22,32,44,59,64,88],[5,10,20,40,43,55,61,80,86,89,103,110],[7,14,28,31,37,56,62,74,77,97,107,112],[17,19,23,34,35,38,46,67,68,70,76,92],[25,41,47,49,50,71,79,82,83,94,98,100],[29,53,58,73,85,95,101,106,109,113,115,116],[13,26,52,65,91,104]]
得られたB : [1,4]
一度も現れなかったBi : [0,2,3,5,6]

C : [[1,2,4,8,11,16,22,32,44,59,64,88,118,119,121,125,128,133,139,149,161,176,181,205,235,236,238,242,245,250,256,266,278,293,298,322],[7,14,28,31,37,56,62,74,77,97,107,112,124,131,145,148,154,173,179,191,194,214,224,229,241,248,262,265,271,290,296,308,311,331,341,346],[13,26,52,65,91,104,130,143,169,182,208,221,247,260,286,299,325,338],[17,19,23,34,35,38,46,67,68,70,76,92,134,136,140,151,152,155,163,184,185,187,193,209,251,253,257,268,269,272,280,301,302,304,310,326],[29,53,58,73,85,95,101,106,109,113,115,116,146,170,175,190,202,212,218,223,226,230,232,233,263,287,292,307,319,329,335,340,343,347,349,350]]
得られたC : [3,1,0,2]
一度も現れなかったCi : [4]

C' : [[29,53,58,73,85,95,101,106,109,113,115,116,146,170,175,190,202,212,218,223,226,230,232,233,263,287,292,307,319,329,335,340,343,347,349,350,380,404,409,424,436,446,452,457,460,464,466,467,497,521,526,541,553,563,569,574,577,581,583,584,614,638,643,658,670,680,686,691,694,698,700,701,731,755,760,775,787,797,803,808,811,815,817,818,848,872,877,892,904,914,920,925,928,932,934,935,965,989,994,1009,1021,1031,1037,1042,1045,1049,1051,1052]]
得られたC' : [0]
一度も現れなかったCi' : []
プログラムは正常終了しました。

C:\me\Haskell\CollatzMod\Ver2>CollatzMod02Bigdata 41
A : [[0],[1,2,4,5,8,9,10,16,18,20,21,23,25,31,32,33,36,37,39,40],[3,6,7,11,12,13,14,15,17,19,22,24,26,27,28,29,30,34,35,38]]

[0]
B : [[1,2,4,5,8,10,16,20,25,31,32,37,40,50,62,64,74,77,80,100],[7,13,14,17,26,28,34,35,47,52,56,65,68,70,79,85,94,101,104,112],[11,19,22,29,38,44,53,55,58,67,71,76,88,89,95,97,106,109,110,116],[23,43,46,49,59,61,73,83,86,91,92,98,103,107,113,115,118,119,121,122]]
得られたB : [0]
一度も現れなかったBi : [1,2,3]

C : [[7,13,14,17,26,28,34,35,47,52,56,65,68,70,79,85,94,101,104,112,130,136,137,140,149,151,157,158,170,175,179,188,191,193,202,208,217,224,227,235,253,259,260,263,272,274,280,281,293,298,302,311,314,316,325,331,340,347,350,358],[11,19,22,29,38,44,53,55,58,67,71,76,88,89,95,97,106,109,110,116,134,142,145,152,161,167,176,178,181,190,194,199,211,212,218,220,229,232,233,239,257,265,268,275,284,290,299,301,304,313,317,322,334,335,341,343,352,355,356,362],[23,43,46,49,59,61,73,83,86,91,92,98,103,107,113,115,118,119,121,122,146,166,169,172,182,184,196,206,209,214,215,221,226,230,236,238,241,242,244,245,269,289,292,295,305,307,319,329,332,337,338,344,349,353,359,361,364,365,367,368]]
得られたC : [0,2,1]
一度も現れなかったCi : []

[1,2,4,5,8,9,10,16,18,20,21,23,25,31,32,33,36,37,39,40]
B : [[7,13,14,17,26,28,34,35,47,52,56,65,68,70,79,85,94,101,104,112],[11,19,22,29,38,44,53,55,58,67,71,76,88,89,95,97,106,109,110,116],[23,43,46,49,59,61,73,83,86,91,92,98,103,107,113,115,118,119,121,122],[1,2,4,5,8,10,16,20,25,31,32,37,40,50,62,64,74,77,80,100]]
得られたB : [3,0,2,1]
一度も現れなかったBi : []

[3,6,7,11,12,13,14,15,17,19,22,24,26,27,28,29,30,34,35,38]
B : [[1,2,4,5,8,10,16,20,25,31,32,37,40,50,62,64,74,77,80,100],[23,43,46,49,59,61,73,83,86,91,92,98,103,107,113,115,118,119,121,122],[11,19,22,29,38,44,53,55,58,67,71,76,88,89,95,97,106,109,110,116],[7,13,14,17,26,28,34,35,47,52,56,65,68,70,79,85,94,101,104,112]]
得られたB : [0,2,3,1]
一度も現れなかったBi : []
プログラムは正常終了しました。

C:\me\Haskell\CollatzMod\Ver2>CollatzMod02Bigdata 43
A : [[0],[1,2,4,8,11,16,21,22,27,32,35,39,41,42],[3,5,6,10,12,19,20,23,24,31,33,37,38,40],[7,9,13,14,15,17,18,25,26,28,29,30,34,36]]

[0]
B : [[1,2,4,8,16,32,64,65,97,113,121,125,127,128],[5,10,20,31,40,49,62,67,80,89,98,109,119,124],[7,14,17,28,34,56,61,68,73,95,101,112,115,122],[11,22,35,41,44,47,59,70,82,85,88,94,107,118],[13,25,26,29,50,52,58,71,77,79,100,103,104,116],[19,23,37,38,46,53,55,74,76,83,91,92,106,110]]
得られたB : [0]
一度も現れなかったBi : [1,2,3,4,5]

C : [[5,10,20,31,40,49,62,67,80,89,98,109,119,124,134,139,149,160,169,178,191,196,209,218,227,238,248,253,263,268,278,289,298,307,320,325,338,347,356,367,377,382],[7,14,17,28,34,56,61,68,73,95,101,112,115,122,136,143,146,157,163,185,190,197,202,224,230,241,244,251,265,272,275,286,292,314,319,326,331,353,359,370,373,380],[11,22,35,41,44,47,59,70,82,85,88,94,107,118,140,151,164,170,173,176,188,199,211,214,217,223,236,247,269,280,293,299,302,305,317,328,340,343,346,352,365,376],[13,25,26,29,50,52,58,71,77,79,100,103,104,116,142,154,155,158,179,181,187,200,206,208,229,232,233,245,271,283,284,287,308,310,316,329,335,337,358,361,362,374],[19,23,37,38,46,53,55,74,76,83,91,92,106,110,148,152,166,167,175,182,184,203,205,212,220,221,235,239,277,281,295,296,304,311,313,332,334,341,349,350,364,368]]
得られたC : [1,3,0,2,4]
一度も現れなかったCi : []

[1,2,4,8,11,16,21,22,27,32,35,39,41,42]
B : [[5,10,20,31,40,49,62,67,80,89,98,109,119,124],[7,14,17,28,34,56,61,68,73,95,101,112,115,122],[13,25,26,29,50,52,58,71,77,79,100,103,104,116],[19,23,37,38,46,53,55,74,76,83,91,92,106,110],[11,22,35,41,44,47,59,70,82,85,88,94,107,118],[1,2,4,8,16,32,64,65,97,113,121,125,127,128]]
得られたB : [5,1,2,0,4,3]
一度も現れなかったBi : []

[3,5,6,10,12,19,20,23,24,31,33,37,38,40]
B : [[1,2,4,8,16,32,64,65,97,113,121,125,127,128],[7,14,17,28,34,56,61,68,73,95,101,112,115,122],[11,22,35,41,44,47,59,70,82,85,88,94,107,118],[13,25,26,29,50,52,58,71,77,79,100,103,104,116],[19,23,37,38,46,53,55,74,76,83,91,92,106,110],[5,10,20,31,40,49,62,67,80,89,98,109,119,124]]
得られたB : [5,0,4,3,1,2]
一度も現れなかったBi : []

[7,9,13,14,15,17,18,25,26,28,29,30,34,36]
B : [[1,2,4,8,16,32,64,65,97,113,121,125,127,128],[5,10,20,31,40,49,62,67,80,89,98,109,119,124],[11,22,35,41,44,47,59,70,82,85,88,94,107,118],[19,23,37,38,46,53,55,74,76,83,91,92,106,110],[13,25,26,29,50,52,58,71,77,79,100,103,104,116],[7,14,17,28,34,56,61,68,73,95,101,112,115,122]]
得られたB : [2,5,1,3,4]
一度も現れなかったBi : [0]

C : [[1,2,4,8,16,32,64,65,97,113,121,125,127,128,130,131,133,137,145,161,193,194,226,242,250,254,256,257,259,260,262,266,274,290,322,323,355,371,379,383,385,386]]
得られたC : [0]
一度も現れなかったCi : []
プログラムは正常終了しました。

C:\me\Haskell\CollatzMod\Ver2>CollatzMod02Bigdata 45
A : [[0],[1,2,4,8,16,17,19,23,31,32,34,38],[3,6,12,24],[5,10,20,25,35,40],[7,11,13,14,22,26,28,29,37,41,43,44],[9,18,27,36],[15,30],[21,33,39,42]]

[0]
B : [[1,2,4,8,16,17,19,23,31,32,34,38,46,47,49,53,61,62,64,68,76,77,79,83,91,92,94,98,106,107,109,113,121,122,124,128],[5,10,20,25,35,40,50,55,65,70,80,85,95,100,110,115,125,130],[7,11,13,14,22,26,28,29,37,41,43,44,52,56,58,59,67,71,73,74,82,86,88,89,97,101,103,104,112,116,118,119,127,131,133,134]]
得られたB : [0]
一度も現れなかったBi : [1,2]

C : [[5,10,20,25,35,40,50,55,65,70,80,85,95,100,110,115,125,130,140,145,155,160,170,175,185,190,200,205,215,220,230,235,245,250,260,265,275,280,290,295,305,310,320,325,335,340,350,355,365,370,380,385,395,400],[7,11,13,14,22,26,28,29,37,41,43,44,52,56,58,59,67,71,73,74,82,86,88,89,97,101,103,104,112,116,118,119,127,131,133,134,142,146,148,149,157,161,163,164,172,176,178,179,187,191,193,194,202,206,208,209,217,221,223,224,232,236,238,239,247,251,253,254,262,266,268,269,277,281,283,284,292,296,298,299,307,311,313,314,322,326,328,329,337,341,343,344,352,356,358,359,367,371,373,374,382,386,388,389,397,401,403,404]]
得られたC : [1,0]
一度も現れなかったCi : []

[1,2,4,8,16,17,19,23,31,32,34,38]
B : [[5,10,20,25,35,40,50,55,65,70,80,85,95,100,110,115,125,130],[7,11,13,14,22,26,28,29,37,41,43,44,52,56,58,59,67,71,73,74,82,86,88,89,97,101,103,104,112,116,118,119,127,131,133,134],[1,2,4,8,16,17,19,23,31,32,34,38,46,47,49,53,61,62,64,68,76,77,79,83,91,92,94,98,106,107,109,113,121,122,124,128]]
得られたB : [2,1,0]
一度も現れなかったBi : []

[3,6,12,24]
B : [[1,2,4,8,16,17,19,23,31,32,34,38,46,47,49,53,61,62,64,68,76,77,79,83,91,92,94,98,106,107,109,113,121,122,124,128],[5,10,20,25,35,40,50,55,65,70,80,85,95,100,110,115,125,130],[7,11,13,14,22,26,28,29,37,41,43,44,52,56,58,59,67,71,73,74,82,86,88,89,97,101,103,104,112,116,118,119,127,131,133,134]]
得られたB : [1,0,2]
一度も現れなかったBi : []

[5,10,20,25,35,40]
B : [[1,2,4,8,16,17,19,23,31,32,34,38,46,47,49,53,61,62,64,68,76,77,79,83,91,92,94,98,106,107,109,113,121,122,124,128],[7,11,13,14,22,26,28,29,37,41,43,44,52,56,58,59,67,71,73,74,82,86,88,89,97,101,103,104,112,116,118,119,127,131,133,134],[5,10,20,25,35,40,50,55,65,70,80,85,95,100,110,115,125,130]]
得られたB : [0]
一度も現れなかったBi : [1,2]

